[0, 2, 3, 4, 8, 10, 11, 12, 14, 15, 16, 18, 20, 21, 23, 24, 28, 29, 30, 33, 34, 35, 36, 37, 38, 40, 42, 43, 44, 45, 46, 47, 49, 50, 51, 52, 53, 55, 58, 59, 61]
[1, 5, 6, 7, 9, 13, 17, 19, 22, 25, 26, 27, 31, 32, 39, 41, 48, 54, 56, 57, 60]



-------------


[5, 12, 16, 22, 24, 25, 30, 36, 46, 52, 56, 60]
[1, 3, 4, 9, 11, 13, 15, 17,19£¬ 21, 29, 31, 34, 35, 37, 38, 39, 41, 43, 44, 45, 47, 48, 50, 51, 53, 54, 59, 62]
[2, 6, 7, 8, 10, 14, 18, 20, 23, 26, 27, 28, 32, 33, 40, 42, 49, 55, 57, 58, 61]