1	23
2	18
3	18
4	24
5	5
6	21
7	22
8	7
9	23
10	21
11	28
12	8
13	14
14	4
15	25
16	22
17	13
18	21
19	10
20	18
21	6
22	7
23	5
24	27
25	16
26	16
27	26
28	10
29	18
30	27
31	10
32	17
33	18
34	27
35	2
36	15
37	21
38	26
39	18
40	17
41	22
42	11
43	9
44	20
45	19
46	23
47	23
48	22
49	27
50	9
51	14
52	27
53	12
54	13
55	27
56	18
57	20
58	9
59	19
60	25
61	21
62	1
63	11
64	24
65	5
66	20
67	24
68	2
69	23
70	4
71	10
72	16
73	26
74	24
75	21
76	20
77	4
78	6
79	5
80	4
81	17
82	6
83	4
84	17
85	5
86	3
87	26
88	6
89	14
90	24
91	22
92	15
93	15
94	5
95	8
96	15
97	8
98	5
99	7
100	23
101	3
102	26
103	10
104	14
105	25
106	26
107	1
108	25
109	16
110	10
111	14
112	1
113	19
114	26
115	3
116	17
117	2
118	19
119	7
120	13
121	6
122	24
123	19
124	16
125	26
126	2
127	17
128	15
129	5
130	10
131	15
132	16
133	27
134	17
135	8
136	18
137	9
138	23
139	18
140	5
141	13
142	15
143	27
144	14
145	2
146	18
147	25
148	5
149	4
150	3
151	8
152	5
153	12
154	19
155	22
156	22
157	22
158	9
159	21
160	20
161	23
162	20
163	9
164	7
165	19
166	23
167	19
168	18
169	22
170	23
171	21
172	3
173	11
174	27
175	23
176	26
177	21
178	21
179	14
180	10
181	21
182	28
183	6
184	27
185	15
186	5
187	16
188	11
189	2
190	1
191	17
192	6
193	4
194	18
195	8
196	24
197	2
198	1
199	24
200	23
201	20
202	9
203	22
204	20
205	27
206	5
207	16
208	12
209	9
210	14
211	11
212	10
213	18
214	5
215	16
216	15
217	23
218	12
219	25
220	12
221	28
222	9
223	15
224	9
225	10
226	6
227	8
228	20
229	17
230	26
231	28
232	20
233	16
234	12
235	15
236	5
237	22
238	9
239	13
240	21
241	10
242	13
243	17
244	12
245	16
246	12
247	2
248	19
249	17
250	15
251	16
252	8
253	4
254	28
255	1
256	27
257	26
258	16
259	22
260	5
261	1
262	17
263	2
264	6
265	19
266	23
267	21
268	13
269	19
270	6
271	10
272	9
273	1
274	14
275	18
276	22
277	26
278	1
279	25
280	26
281	26
282	6
283	11
284	12
285	2
286	6
287	15
288	8
289	9
290	26
291	13
292	6
293	13
294	27
295	21
296	27
297	9
298	8
299	23
300	6
301	25
302	10
303	3
304	16
305	23
306	19
307	19
308	18
309	14
310	21
311	24
312	5
313	12
314	24
315	27
316	21
317	2
318	9
319	12
320	15
321	12
322	22
323	12
324	13
325	12
326	12
327	6
328	4
329	23
330	17
331	19
332	19
333	4
334	19
335	21
336	9
337	25
338	17
339	3
340	25
341	10
342	17
343	23
344	1
345	23
346	25
347	20
348	28
349	5
350	23
351	4
352	16
353	27
354	18
355	11
356	5
357	17
358	2
359	12
360	17
361	14
362	11
363	11
364	4
365	3
366	15
367	13
368	6
369	25
370	26
371	9
372	28
373	22
374	25
375	6
376	28
377	22
378	26
379	2
380	3
381	9
382	4
383	20
384	18
385	1
386	17
387	7
388	7
389	9
390	9
391	20
392	27
393	9
394	25
395	13
396	5
397	17
398	2
399	5
400	17
401	21
402	9
403	18
404	4
405	17
406	10
407	7
408	24
409	4
410	18
411	21
412	28
413	18
414	8
415	6
416	14
417	25
418	1
419	13
420	9
421	3
422	16
423	4
424	6
425	16
426	22
427	19
428	14
429	7
430	23
431	3
432	3
433	28
434	18
435	15
436	2
437	3
438	26
439	3
440	23
441	2
442	24
443	18
444	15
445	3
446	14
447	19
448	13
449	20
450	10
451	8
452	1
453	14
454	21
455	15
456	28
457	4
458	7
459	27
460	28
461	16
462	3
463	3
464	6
465	11
466	17
467	22
468	3
469	28
470	18
471	3
472	11
473	2
474	11
475	21
476	3
477	26
478	12
479	6
480	5
481	6
482	23
483	10
484	7
485	17
486	21
487	1
488	19
489	26
490	22
491	19
492	14
493	11
494	7
495	21
496	26
497	26
498	17
499	5
500	11
501	17
502	16
503	4
504	2
505	6
506	19
507	13
508	24
509	13
510	8
511	4
512	7
513	23
514	18
515	4
516	9
517	4
518	19
519	26
520	2
521	13
522	9
523	20
524	3
525	16
526	18
527	1
528	12
529	23
530	9
531	18
532	13
533	26
534	21
535	22
536	14
537	3
538	26
539	1
540	25
541	21
542	20
543	19
544	19
545	1
546	26
547	4
548	24
549	18
550	6
551	17
552	10
553	9
554	23
555	27
556	20
557	3
558	3
559	26
560	9
561	28
562	15
563	19
564	7
565	27
566	4
567	11
568	21
569	2
570	4
571	13
572	2
573	13
574	1
575	18
576	14
577	13
578	15
579	21
580	18
581	8
582	1
583	14
584	24
585	15
586	10
587	8
588	1
589	26
590	20
591	8
592	24
593	18
594	5
595	9
596	27
597	26
598	2
599	11
600	12
601	2
602	18
603	6
604	17
605	16
606	2
607	27
608	25
609	28
610	4
611	27
612	26
613	15
614	3
615	17
616	27
617	12
618	10
619	8
620	9
621	6
622	19
623	6
624	12
625	24
626	11
627	15
628	19
629	7
630	13
631	16
632	21
633	27
634	4
635	23
636	26
637	22
638	7
639	7
640	9
641	15
642	9
643	9
644	7
645	26
646	27
647	15
648	19
649	4
650	19
651	4
652	4
653	11
654	22
655	6
656	8
657	26
658	6
659	26
660	5
661	27
662	5
663	25
664	10
665	6
666	10
667	19
668	1
669	14
670	8
671	19
672	19
673	18
674	20
675	4
676	28
677	15
678	2
679	7
680	8
681	20
682	18
683	9
684	19
685	17
686	26
687	13
688	2
689	10
690	24
691	4
692	1
693	6
694	6
695	20
696	22
697	15
698	9
699	14
700	19
701	5
702	8
703	16
704	10
705	22
706	17
707	22
708	17
709	1
710	5
711	9
712	16
713	21
714	26
715	1
716	20
717	15
718	4
719	6
720	21
721	11
722	7
723	3
724	10
725	5
726	4
727	22
728	22
729	1
730	4
731	16
732	24
733	4
734	22
735	13
736	5
737	27
738	17
739	23
740	14
741	19
742	28
743	17
744	21
745	18
746	25
747	14
748	1
749	9
750	18
751	28
752	10
753	2
754	19
755	22
756	13
757	8
758	23
759	9
760	16
761	23
762	6
763	18
764	19
765	4
766	4
767	25
768	24
769	22
770	3
771	22
772	25
773	8
774	6
775	20
776	5
777	23
778	24
779	13
780	8
781	9
782	21
783	17
784	20
785	2
786	26
787	28
788	22
789	22
790	25
791	4
792	28
793	26
794	22
795	28
796	4
797	7
798	17
799	6
800	6
801	16
802	6
803	20
804	28
805	22
806	13
807	21
808	18
809	23
810	27
811	12
812	16
813	22
814	28
815	19
816	19
817	13
818	19
819	11
820	14
821	25
822	3
823	11
824	16
825	26
826	15
827	14
828	16
829	12
830	7
831	26
832	7
833	6
834	28
835	18
836	14
837	21
838	25
839	16
840	24
841	1
842	6
843	10
844	2
845	13
846	6
847	1
848	15
849	6
850	15
851	1
852	1
853	16
854	1
855	13
856	15
857	19
858	8
859	16
860	16
861	15
862	19
863	22
864	13
865	25
866	6
867	16
868	16
869	3
870	23
871	23
872	9
873	24
874	17
875	6
876	8
877	26
878	22
879	2
880	15
881	26
882	11
883	4
884	6
885	16
886	2
887	17
888	26
889	3
890	11
891	20
892	20
893	3
894	23
895	27
896	1
897	20
898	9
899	23
900	19
901	1
902	21
903	23
904	20
905	17
906	17
907	23
908	1
909	22
910	20
911	19
912	9
913	27
914	13
915	16
916	9
917	25
918	19
919	28
920	1
921	9
922	1
923	26
924	19
925	5
926	20
927	25
928	4
929	15
930	27
931	6
932	4
933	10
934	27
935	2
936	26
937	25
938	22
939	4
940	5
941	8
942	4
943	8
944	21
945	9
946	10
947	2
948	8
949	6
950	13
951	19
952	17
953	27
954	26
955	16
956	27
957	17
958	20
959	21
960	3
961	17
962	3
963	21
964	19
965	23
966	21
967	13
968	15
969	23
970	1
971	13
972	6
973	15
974	3
975	19
976	1
977	5
978	9
979	27
980	27
981	23
982	17
983	5
984	18
985	6
986	16
987	26
988	21
989	23
990	19
991	16
992	21
993	1
994	1
995	6
996	22
997	23
998	17
999	9
1000	1