1 240 328 405 433 522 629 930 1065 1172 1539 1641 1643 1679 1779 1826 1984 1989 2175 2205 2551 3095 3204 3391 3604 3773 3815 4202 4259 4286 4343 4525 4638 4673 4681 4861
2 57 82 217 244 425 436 492 542 581 606 788 865 1077 1135 1234 1249 1342 1559 1726 1812 1958 2034 2242 2294 2299 2459 2505 2554 2578 2654 2881 3121 3146 3167 3172 3203 3263 3349 3476 3478 3523 3557 3677 3685 3792 3844 3854 3946 3976 4030 4126 4129 4209 4305 4377 4451 4459 4600 4630 4750 4852 4881 4919 4957
3 121 169 289 291 351 434 1319 1360 1465 1479 1552 1698 1842 1983 2107 2234 2720 2856 3037 3218 3838 4099 4209 4224 4416 4533 4832
4 149 260 356 368 419 483 520 551 656 842 886 896 1172 1190 1208 1323 1491 1556 1579 1623 1651 1668 1699 1931 1942 1987 2003 2009 2018 2067 2179 2210 2229 2270 2369 2431 2448 2455 2468 2474 2543 2557 2574 2607 2700 2751 2771 2780 2880 2928 2958 2990 3014 3119 3317 3330 3393 3507 3791 3870 3935 3965 3981 4023 4072 4104 4299 4318 4405 4444 4474 4507 4542 4556 4610 4627 4692 4800 4810 4825 4862 4882 4910 4928 4964 4978
5 113 125 266 275 286 396 401 523 835 859 972 1036 1131 1133 1204 1311 1375 1561 1576 1754 1872 1904 2043 2108 2121 2226 2347 2386 2403 2429 2441 2457 2494 2567 2623 2779 2791 2822 2919 3277 3280 3365 3387 3599 3718 3736 3876 3896 4239 4469 4570 4629 4672 4698 4718 4881 4956 4961 4986 4988
5 106 534 657 679 842 895 1080 1142 1245 1259 1279 1389 1399 1412 1413 1450 1620 2046 2053 2090 2133 2248 2504 2846 2869 3036 3232 4005 4037 4069 4076 4107 4358 4432 4659 4754 4895 4943
5 136 195 237 262 269 404 471 473 503 525 528 593 670 789 839 1019 1290 1394 1458 1517 1519 1601 1607 1639 1705 1889 1913 2109 2117 2123 2150 2175 2276 2313 2544 2572 2589 2595 2659 2755 2805 2911 2912 2919 2936 2987 3102 3140 3165 3265 3438 3496 3525 3554 3715 3729 3765 3812 3837 3873 3878 3952 4025 4051 4122 4233 4358 4437 4521 4534 4731 4853 4854 4857 4921 4935
6 71 91 92 238 569 571 733 851 852 871 1153 1284 1293 1322 1324 1373 1560 1577 1689 1769 1808 1860 1930 1959 2093 2166 2195 2208 2321 2339 2481 2561 2647 2667 2706 2733 2790 2931 3004 3073 3217 3221 3259 3260 3285 3300 3492 3509 3635 3670 3827 4125 4264 4304 4320 4361 4465 4692 4873
7 62 489 596 1010 1184 1219 1221 1237 1810 1829 1880 1929 1997 2183 2349 2483 2781 3051 3227 3801 4011 4047 4344 4759 4830
8 364 460 508 570 720 741 754 789 827 922 1071 1099 1201 1238 1313 1360 1368 1370 1419 1437 1494 1529 1772 1985 2127 2152 2404 2608 2687 2690 2749 2839 2905 3108 3143 3163 3211 3238 3276 3298 3435 3451 3543 3618 3650 3652 3712 3720 3881 3983 4080 4121 4349 4388 4405 4450 4456 4462 4489 4509 4522 4550 4622 4628 4630 4669 4694 4728 4751 4781 4865
9 91 227 268 358 374 385 389 408 474 511 529 588 605 667 878 916 950 969 1165 1203 1231 1269 1377 1658 1694 1753 1824 1866 1894 2055 2071 2118 2246 2263 2277 2338 2398 2419 2474 2526 2531 2613 2685 2776 2855 2944 2995 3042 3063 3201 3291 3323 3378 3421 3498 3561 3623 3667 3847 3947 3983 4159 4218 4241 4242 4298 4351 4371 4617 4700 4743 4779 4831 4842
10 34 232 303 384 479 528 577 599 638 767 872 1013 1048 1114 1156 1358 1376 1489 1491 1511 1588 1723 1876 1997 1998 2089 2169 2230 2356 2393 2428 2434 2458 2865 2878 2922 3022 3034 3072 3348 3494 3570 3585 3597 3643 3791 3968 3992 4006 4034 4052 4066 4111 4170 4176 4287 4309 4423 4571 4579 4600 4607 4695 4821 4840 4844 4917 4946
11 187 312 572 670 684 689 696 737 944 1061 1072 1084 1111 1188 1338 1354 1444 1460 1492 1683 1796 1799 1844 1863 1914 1990 2050 2056 2102 2155 2178 2215 2286 2322 2405 2495 2506 2591 2592 2778 2789 2801 2824 2832 3042 3097 3193 3288 3299 3388 3569 3586 3698 3745 3837 4015 4056 4085 4196 4326 4330 4358 4402 4466 4467 4528 4529 4618 4649 4687 4729 4762 4785 4802 4819 4945
12 40 104 189 210 225 240 274 307 445 458 549 589 736 759 780 818 993 1022 1159 1179 1265 1415 1429 1432 1470 1612 1630 1846 1889 1901 1993 2039 2104 2274 2275 2337 2350 2450 2521 2585 2758 2802 2840 2895 3054 3158 3267 3305 3486 3504 3579 3728 3774 3780 3880 3969 4003 4004 4048 4111 4190 4386 4448 4461 4554 4567 4936 4950 4951 4953
13 33 66 117 127 162 181 194 244 285 500 532 569 654 690 710 717 808 835 902 1095 1116 1241 1260 1324 1334 1443 1505 1531 1621 1625 1661 1671 1693 1756 1820 1911 1966 1969 1979 2008 2023 2105 2152 2193 2201 2327 2340 2383 2487 2492 2627 2682 2693 2815 2825 2903 2930 2974 3060 3077 3153 3196 3287 3310 3383 3405 3409 3487 3502 3506 3578 3606 3609 3632 3735 3756 3787 3861 4021 4153 4183 4225 4237 4266 4269 4470 4539 4639 4712 4732 4782 4922 4924 4932 4942
14 52 128 130 183 318 397 546 552 615 616 681 707 725 819 828 953 972 1007 1086 1116 1162 1170 1295 1407 1487 1488 1490 1517 1580 1586 1695 1724 1790 1817 1833 1873 1885 1915 1934 1965 1982 2031 2073 2121 2125 2286 2387 2434 2513 2536 2538 2596 2606 2620 2792 2824 2899 2960 3013 3021 3082 3133 3264 3502 3553 3684 3702 3710 3738 3775 3782 3788 3814 3818 4033 4170 4238 4264 4352 4355 4610 4697 4763 4812 4832 4839 4858 4871 4893 4955 4996
15 310 336 413 668 1152 1455 1931 2054 2456 2803 2869 2893 3046 3268 3329 3641 3663 3887 4200 4297 4498 4553 4759
16 64 91 202 326 340 378 538 610 625 695 830 896 978 990 1058 1077 1174 1195 1235 1268 1305 1316 1637 1737 1745 1859 1925 1939 2042 2081 2164 2165 2213 2345 2354 2427 2475 2542 2605 2676 2781 2847 2896 2909 2949 3059 3084 3174 3293 3306 3345 3349 3429 3691 3732 3756 3912 4079 4288 4333 4440 4503 4568 4590 4680 4827 4909 4937 4985
17 42 144 187 217 249 287 298 461 463 537 783 1203 1364 1366 1526 1860 2427 2593 2611 2623 2650 2777 2807 2927 2998 3072 3124 3180 3200 3419 3505 3529 3537 3576 3636 3878 3967 3988 4136 4163 4214 4368 4511 4670 4702 4756 4826 4871 4904
18 24 309 329 347 381 462 714 1549 1674 1845 2401 2403 2579 2763 2959 2990 3042 3551 4202 4284 4336 4378 4404 4433 4518 4555 4915
19 27 86 134 199 248 517 518 643 652 706 731 749 763 853 914 958 997 1023 1026 1055 1509 1524 1578 1582 1722 1797 1813 1890 2119 2127 2375 2410 2476 2741 2772 2802 2883 2896 2952 3016 3052 3101 3104 3227 3406 3560 3632 3694 3737 3894 4092 4128 4156 4378 4418 4440 4457 4468 4568 4644 4647 4663 4952 4999
20 74 120 173 1009 1031 1129 1522 1681 2541 2740 2925 3139 3162 3168 3254 3381 3485 3490 3566 3744 4517 4544 4979
21 354 418 580 708 874 923 1005 1182 1281 1320 1343 1426 1508 1557 1734 1777 2055 2289 2315 2354 2377 2603 2643 2852 2971 2996 3026 3117 3127 3223 3338 3368 3386 3477 3613 3645 3917 4049 4131 4261 4266 4270 4312 4356 4497 4519 4721 4738 4899 4920
22 48 109 370 671 855 926 954 1148 1175 1177 1315 1336 1384 1677 1727 1730 1747 2137 2248 2437 2678 2681 2864 2892 2907 2946 3061 3131 3144 3184 3343 3445 3474 3582 3924 4000 4092 4142 4152 4234 4265 4341 4486 4626 4701 4898
23 51 272 332 462 777 828 837 967 1018 1062 1183 1346 1357 1410 1635 1751 1775 1882 1950 2134 2140 2200 2480 2548 2688 3070 3080 3502 3646 3829 3877 4024 4129 4160 4290 4659 4912
25 29 74 212 308 334 371 422 443 470 479 530 552 553 555 562 723 746 845 899 1050 1082 1140 1205 1241 1248 1353 1423 1471 1568 1667 1794 1805 1837 1860 1919 2014 2045 2066 2145 2192 2241 2439 2509 2735 2797 2826 2979 2997 3138 3156 3203 3212 3245 3272 3275 3292 3326 3353 3404 3493 3588 3596 3628 3660 3701 3725 3734 3902 3928 3932 3963 4061 4111 4135 4167 4195 4228 4247 4436 4559 4586 4633 4726 4764 4776 4796 4801 4855
26 73 78 95 230 267 314 459 521 603 765 781 842 1103 1136 1139 1321 1392 1575 1669 1857 1883 1945 2078 2083 2290 2409 2412 2422 2425 2535 2537 2796 2851 2929 2942 3008 3018 3025 3041 3047 3062 3128 3181 3220 3309 3323 3466 3514 3531 3541 3579 3627 3690 3811 3949 4213 4256 4341 4356 4364 4367 4383 4682 4719 4751 4885 4937 4941 4959 4982
26 60 150 191 409 439 449 458 680 686 732 769 910 928 948 975 1097 1223 1500 1703 1744 1773 1866 1879 1899 2090 2267 2291 2336 2658 2677 2871 2876 3043 3112 3152 3253 3432 3456 3707 3862 4008 4145 4166 4324 4630 4640 4764 4948 4965
26 339 590 629 831 999 1044 1220 1251 1327 1331 1687 1696 1976 2144 2668 2701 3096 3185 3257 3314 3461 3538 3556 3593 3600 3672 3758 3797 3943 4096 4175 4424 4444 4523 4527 4716 4723
28 153 200 207 264 284 350 478 550 623 647 759 844 857 893 942 978 1024 1275 1301 1315 1438 1454 1655 1789 1848 2007 2081 2098 2149 2163 2166 2190 2214 2282 2346 2380 2385 2560 2666 2727 2743 2785 2803 2817 2931 3205 3235 3354 3364 3384 3464 3489 3564 3616 3813 3860 3942 3985 4068 4266 4558 4589 4661 4675 4711 4749 4758 4834
30 235 271 324 443 452 481 524 602 816 947 960 1015 1049 1081 1149 1203 1356 1427 1618 1632 1644 1719 1754 1761 1820 1871 1974 1977 2157 2160 2227 2285 2616 2694 2713 2820 2901 2943 3012 3067 3136 3157 3289 3387 3526 3590 3647 3770 3923 4026 4032 4054 4093 4178 4187 4204 4327 4413 4430 4473 4515 4636 4864 4919 4934
31 430 579 593 900 1042 1063 1261 1482 1610 1746 2147 2302 2416 2491 2563 2676 2916 3001 3072 3313 3321 3534 3746 3776 3825 3915 4102 4105 4316 4408 4425 4653 4715 4951
32 68 228 236 431 495 615 682 731 743 761 768 824 854 862 901 925 998 1104 1229 1323 1438 1459 1495 1499 1634 1716 1731 1924 2130 2148 2194 2204 2216 2280 2474 2489 2542 2686 2780 2864 2875 2902 2980 3085 3147 3384 3452 3500 3567 3695 3723 3732 3769 3823 3830 3866 3892 3903 4193 4304 4370 4611 4615 4944
33 45 88 337 380 688 751 756 771 876 1163 1484 1645 2654 2802 2848 2993 3224 3420 3448 3704 3916 3929 4146 4198 4235 4325 4385 4476 4505 4866
33 72 392 632 1033 1059 1213 1241 1296 1315 1332 1411 1466 1566 2114 2361 2420 2657 3240 3266 3366 3417 4132 4226 4411 4442 4472 4538 4550 4677 4693 4869
35 44 140 148 158 277 290 307 567 620 709 834 846 889 1006 1144 1182 1326 1483 1684 1788 1891 2070 2142 2214 2219 2247 2430 2438 2636 2664 2753 2924 2961 3070 3180 3184 3303 3341 3422 3542 3550 3631 3635 3802 4230 4414 4546 4686 4705 4867 4931 4987
36 175 729 1070 1238 1498 1595 1600 1815 1854 1861 1912 2516 2569 2632 2671 2878 3169 3244 3629 4027 4063 4211 4507 4565 4727 4880
37 224 804 828 952 1107 1177 1253 1340 1514 1532 1664 1750 1757 1775 1783 1935 2030 2104 2348 2426 2556 2661 2686 2736 2888 3225 3338 3549 3783 4149 4289 4319 4574 4577 4744
38 99 320 563 621 647 700 718 886 1060 1212 1307 1452 1563 1604 1606 2097 2584 3110 3269 3334 3443 3954 3959 4065 4119 4224 4394 4543 4641
39 53 568 587 1027 1272 1372 1536 1830 1949 1994 2048 2221 2232 2352 2365 2382 2479 2552 2673 2717 2784 2843 2908 3540 3601 3651 3817 3994 4095 4109 4165 4652 4732 4806 4821 4891
41 60 326 465 576 817 869 1117 1175 1367 1401 1446 1530 1573 1678 1725 1740 1770 2141 2233 2351 2430 2534 2778 2853 2913 2914 2979 3463 3484 3632 3752 3840 3941 4133 4168 4185 4243 4264 4476 4769 4919 4962
42 67 342 412 730 741 890 943 1074 1094 1425 1491 1493 1663 1762 1840 1851 2326 2369 2683 2783 2889 2940 3322 3346 3480 3938 4206 4346 4541 4547 4688 4742 4761 4777 4836 4857
42 82 168 191 276 289 293 318 326 428 515 630 666 753 879 939 1126 1244 1406 1627 1699 1836 1897 1922 2032 2091 2110 2156 2170 2250 2414 2467 2517 2587 2604 2638 2710 3064 3134 3170 3184 3213 3315 3614 3837 3859 3875 3936 4016 4058 4108 4206 4280 4499 4588 4602 4605 4730 4737 4747 4793 4875 4911 4930 4972
43 98 197 426 482 741 920 988 1177 1430 1878 1931 2120 2172 2175 2311 2324 2415 2462 2534 2547 2549 2555 2739 2981 2984 3010 3086 3087 3199 3205 3371 3465 3629 3637 3649 3804 3807 3811 3962 3977 4039 4118 4390 4484 4595 4616 4623 4784 4839
46 234 624 626 770 986 1008 1318 1585 1807 1877 2540 2670 2731 3031 3043 3170 3754 3767 3822 3858 3872 4064 4128 4384 4387 4632 4757 4852
47 65 417 501 727 822 919 941 1087 1665 2390 2428 2869 2915 3043 3301 3483 4059 4101 4155 4478 4481 4593 4674 4709
47 124 147 153 325 432 516 594 1045 1067 1160 1264 1359 1421 1470 1511 1697 1712 1721 1729 1738 1765 1811 1823 2355 2368 2533 2594 2599 2601 2618 2746 2829 2874 2982 3068 3103 3311 3385 3469 3536 3555 3700 3869 3899 4012 4045 4109 4127 4134 4199 4207 4268 4321 4380 4419 4603 4643 4650 4760 4888 4897 4968
47 50 59 205 416 583 719 825 1210 1304 1521 1533 1540 1545 1601 1785 1916 2025 2052 2323 2434 2463 2577 2654 2921 2967 2985 3090 3234 3307 3491 3740 4029 4088 4199 4221 4460 4790 4868 4934
49 89 141 156 258 324 344 403 405 436 451 471 539 598 634 745 800 862 1040 1052 1090 1100 1128 1193 1256 1270 1286 1310 1361 1475 1517 1611 1755 1825 1867 2081 2308 2319 2341 2454 2483 2514 2580 2669 2752 2782 2804 2830 3226 3311 3316 3423 3473 3475 3529 3533 3558 3623 3668 3749 3794 3810 3846 3914 3998 4112 4138 4187 4210 4223 4331 4396 4557 4578 4597 4625 4645 4676 4720 4752 4805 4822 4840 4849 4851 4856 4937 4938
53 157 399 450 472 540 929 1167 1391 1695 1865 1952 2074 2099 2318 2581 2644 2775 2968 3323 3515 3539 3904 4494
53 373 544 646 721 724 918 985 1153 2200 2330 2545 2972 2973 3183 3462 3500 3535 3804 4174 4262 4537 4764
54 181 193 196 253 285 295 387 436 441 456 466 649 672 778 820 906 938 955 1117 1191 1225 1317 1686 1708 1732 1791 1802 1821 1895 1988 2037 2076 2106 2141 2203 2298 2433 2574 2641 2842 2956 3023 3311 3361 3362 3401 3658 3688 3719 3926 4083 4089 4171 4273 4398 4581 4642 4787 4847 4901 4927 4993 4997
54 103 110 154 206 353 447 608 715 742 750 791 841 843 1095 1122 1226 1287 1547 1774 2251 2257 2307 2621 2737 3040 3271 3504 3642 3692 3716 3816 4260 4267 4296 4410 4496 4603 4690 4696 4780 4794 4847
54 167 256 282 391 510 513 633 692 749 810 931 1014 1029 1274 1299 1347 1481 1617 2040 2227 2279 2397 2665 2814 2820 2872 2954 2970 3039 3098 3171 3180 3425 3608 3741 3882 3918 3951 4250 4285 4606 4884 4969
55 164 165 248 474 485 558 564 611 860 891 909 1136 1151 1501 1540 1572 1581 1714 1786 1835 1843 1866 1903 1932 2244 2273 2286 2385 2421 2464 2496 2529 2540 2820 2864 2884 3286 3325 3387 3407 3427 3431 3592 3664 3931 3956 3964 3966 4002 4186 4224 4314 4339 4378 4395 4492 4570 4585 4703 4767 4799 4837 4866 4906 4960
56 192 355 427 559 563 658 665 716 859 885 1507 1640 1700 1742 1940 2139 2197 2334 2374 2620 2666 2698 2707 2738 2858 2946 3229 3303 3328 3347 3382 3415 3488 3547 3589 3617 3821 4182 4209 4315 4551 4598 4789 4998 5000
58 77 249 279 427 499 738 1186 1228 1468 1497 1798 1902 2611 2651 2810 3055 3524 3546 3893 3950 4147 4206 4257 4263 4401 4846
60 63 407 427 907 979 991 1216 1400 1539 1580 1888 2433 2512 2938 3100 3355 3454 3987 4001 4067 4556 4624 4658
61 90 94 215 243 307 402 502 526 541 556 618 690 757 764 886 908 935 988 1000 1134 1152 1158 1189 1196 1215 1337 1349 1399 1417 1437 1587 1591 1801 1875 1918 2059 2068 2094 2138 2151 2217 2335 2402 2408 2435 2595 2640 2676 2686 2692 2719 2747 2774 2838 2840 2854 2857 3040 3048 3074 3114 3178 3233 3256 3324 3351 3389 3482 3536 3558 3598 3603 3619 3867 3920 3927 3961 4045 4075 4078 4369 4412 4485 4508 4631 4675 4710 4859 4933 4990
65 319 408 532 557 678 705 752 839 865 883 912 945 961 1025 1053 1093 1098 1123 1155 1189 1292 1300 1645 1838 1847 1858 1960 1987 2005 2072 2308 2360 2364 2394 2417 2442 2465 2524 2639 2675 2769 2786 2792 2917 2939 2962 2989 3110 3111 3150 3191 3279 3325 3413 3424 3444 3460 3624 3721 3791 3842 3871 3945 4077 4310 4342 4398 4427 4460 4599 4667 4709 4765 4783 4798 4814 4820 4855 4896
65 69 220 236 259 280 297 388 410 424 437 475 600 617 619 698 723 826 836 862 871 898 949 957 965 1012 1172 1176 1197 1233 1250 1260 1262 1339 1437 1449 1469 1480 1659 1700 1733 1749 1818 1893 1917 2068 2090 2174 2200 2283 2373 2379 2507 2590 2836 2863 2886 2992 3078 3141 3197 3219 3392 3398 3409 3433 3580 3607 3853 3864 3886 3890 3895 3919 3937 3991 4014 4123 4139 4157 4188 4420 4501 4572 4648 4734 4754 4809 4847 4977 4979 4980
70 107 115 126 170 247 276 453 465 520 601 662 748 759 936 1025 1078 1247 1352 1439 1457 1529 1637 1973 1990 2017 2021 2027 2044 2178 2211 2258 2289 2395 2574 2587 2611 2732 2848 2910 2979 3057 3137 3155 3215 3231 3425 3430 3477 3605 3631 3639 3652 3657 3671 3773 3843 3878 3970 3984 4104 4150 4235 4244 4252 4453 4543 4706 4850 4879 4934 4992
74 111 116 209 256 283 345 348 653 694 755 774 797 866 980 984 1043 1088 1089 1255 1280 1379 1382 1391 1461 1516 1538 1722 1748 1759 1800 1809 1908 1999 2012 2024 2057 2154 2193 2221 2281 2411 2473 2478 2498 2519 2609 2745 2788 2803 2809 2821 2827 2833 3033 3087 3273 3352 3390 3738 4031 4055 4143 4147 4148 4192 4254 4294 4439 4441 4464 4471 4592 4646 4748 4795 4845
75 164 180 198 383 507 547 858 992 1054 1702 2205 3004 3111 3204 3337 3647 3679 3845 4116
76 87 178 265 305 552 829 1121 1199 1235 1296 1793 1804 1968 2082 2162 2191 2218 2268 2702 2831 2894 2999 3175 3182 3612 3731 3738 4467 4678
77 159 285 560 636 692 726 789 823 1016 1258 1354 1474 1482 1650 1671 1828 1898 2038 2289 2413 2625 2703 2933 2957 2990 3039 3111 3166 3312 3470 3662 3697 3759 3768 3799 3910 3925 4022 4245 4275 4431 4707 4758 4771 4807 4852
77 216 236 270 775 835 924 1393 1803 2011 2366 2557 2646 2964 3001 3007 3024 3076 3437 3445 3501 3674 3898 3933 4381 4560
79 103 113 122 137 153 190 208 315 317 318 372 400 687 786 787 921 1056 1101 1236 1266 1390 1402 1510 1602 1622 1705 1728 2085 2101 2111 2113 2210 2214 2249 2320 2497 2502 2515 2679 2716 2722 2806 2823 2890 3044 3105 3151 3198 3209 3269 3308 3340 3350 3356 3449 3450 3453 3575 3621 3634 3652 3714 3763 3766 3940 3975 4009 4277 4293 4301 4400 4444 4470 4506 4516 4569 4580 4656 4748 4770 4823 4905 4929 4952 4991
80 85 156 304 375 386 490 498 519 520 609 628 659 740 811 847 1112 1138 1350 1431 1433 1495 1589 1657 1665 1711 1754 1763 1766 1819 1886 1953 2068 2129 2472 2486 2559 2937 2977 3088 3208 3363 3439 3479 3623 3634 3640 3653 3868 3891 3949 3974 4092 4114 4124 4130 4228 4231 4255 4282 4373 4428 4548 4563 4672 4714 4724 4748 4756 4813 4880 4923 4973
81 100 156 164 229 423 462 494 546 592 782 806 855 900 937 982 1147 1200 1263 1267 1273 1365 1479 1541 1580 1603 1615 1695 1705 1779 1791 1808 1839 1875 1980 2178 2187 2209 2308 2325 2436 2799 2810 2819 2860 2955 3062 3066 3069 3248 3249 3528 3616 3633 3647 3654 3670 3681 3686 3785 3795 3866 3922 3980 4050 4199 4272 4276 4337 4350 4357 4399 4491 4513 4543 4666 4685 4755 4759 4830
82 160 1187 1209 1605 1633 1972 2069 2359 2534 2680 2841 3125 3177 3510 3522 3545 3615 3630 3808 4117 4455
83 179 184 222 233 637 648 704 788 840 1014 1288 1329 1395 1464 1505 1515 1518 1546 1565 1713 1778 1868 1892 1900 1981 2084 2210 2251 2353 2523 2629 2741 2866 2918 3003 3028 3262 3335 3414 3521 3587 3717 3848 4087 4356 4415 4460 4568 4613 4654 4875
84 123 204 211 245 338 351 366 395 398 469 512 597 622 670 873 996 1001 1096 1380 1574 1607 1682 1771 1827 1856 2049 2058 2063 2066 2087 2221 2227 2237 2256 2287 2304 2357 2389 2445 2453 2483 2597 2621 2728 2730 2781 2818 3001 3025 3056 3145 3297 3367 3399 3568 3689 3706 3809 3997 4028 4440 4514 4562 4855 4890 4914 4918 4974
93 151 384 735 1106 1386 1435 1445 1532 1546 1690 1856 1896 1933 1946 1961 2002 2103 2116 2136 2255 2260 2378 2418 2449 2469 2726 2748 2848 2984 3011 3239 3294 3563 3666 3957 4177 4205 4375 4417 4463 4477 4535 4594 4704 4772 4841 4878 4889 4925
96 250 269 368 384 411 443 635 762 838 989 1021 1119 1127 1133 1185 1202 1217 1381 1447 1592 1699 1710 1862 1962 2015 2113 2269 2296 2430 2546 2602 2645 2666 2778 2849 2859 2926 2945 2955 3040 3092 3205 3206 3316 3325 3339 3403 3416 3552 3626 3655 3704 3756 3771 3776 3849 3852 4091 4137 4164 4172 4228 4573 4736 4750 4848 4870 4913 4983
97 187 254 487 537 573 588 971 982 1032 1124 1137 1178 1397 1475 1479 1486 1527 1529 1707 1709 1852 2159 2399 2452 2518 2562 2673 2828 2879 2931 3094 3274 3371 3446 3532 3574 3620 3748 4007 4045 4248 4249 4251 4283 4524 4530 4880 4908 4958
101 349 379 569 629 674 693 963 988 1003 1076 1239 1276 1438 1631 2020 2065 2077 2424 2587 2760 2920 3006 3420 3447 3708 3709 3796 3870 3990 4053 4074 4090 4713 4804 4832 4915
102 256 292 438 480 527 644 728 760 807 875 896 1548 1613 1692 1734 1928 1951 2100 2113 2225 2248 2614 2620 2653 2712 2811 3049 3319 3330 3434 3467 3497 3908 4179 4552 4758 4830
103 132 163 390 442 946 1035 1145 1181 1193 1472 1477 1597 1942 2635 2670 2705 3246 3512 3583 3669 3755 3826 3979 4042 4291 4372 4507 4683 4708 4951
105 343 368 868 1360 1648 1760 1996 2314 2532 3045 3081 3217 3342 3518 3659 3779 4086 4115 4208 4345 4526 4990
107 252 545 744 773 867 1083 1125 1254 1256 1285 1523 1682 1841 2005 2272 2610 2617 2634 2787 2844 2870 2898 2940 3029 3065 3258 3370 3680 3713 3773 3804 4186 4293 4304 4458 4554 4601 4646 4717 4863 4874
107 129 171 188 430 484 546 763 814 859 995 1092 1109 1169 1211 1403 1434 1475 1553 1676 1737 1752 1766 1776 1909 1990 2253 2262 2292 2385 2449 2506 2583 2689 2715 2792 2868 2932 2991 3126 3202 3281 3283 3327 3436 3459 3495 3527 3724 3789 3909 4019 4104 4147 4150 4279 4393 4418 4504 4671 4774 4833 4842 4892 4907 4949 4967 4984
108 119 172 223 322 330 346 362 497 723 793 1075 1102 1110 1283 1387 1391 1442 1619 1625 1736 1941 1997 2115 2126 2176 2199 2261 2282 2432 2493 2553 2565 2662 2798 2862 2951 3087 3096 3142 3284 3704 3728 3841 3856 3900 4094 4311 4359 4476 4607 4672 4689 4786 4965 4971 4995
112 173 294 301 434 476 504 612 613 673 676 788 927 933 966 1152 1525 1535 1555 1616 1638 1764 1808 1822 1869 1947 1967 2171 2193 2284 2391 2400 2407 2573 2621 2633 2695 2707 2750 2764 2766 2808 2940 3038 3130 3187 3372 3384 3520 3565 3670 3687 3790 4044 4173 4278 4292 4426 4603 4604 4607 4609 4842 4846 4961
113 146 177 218 242 281 455 464 465 784 805 877 1011 1039 1143 1153 1199 1291 1314 1385 1388 1441 1502 1542 1767 1795 1955 1964 2000 2124 2180 2228 2236 2259 2704 2882 2978 3186 3316 3397 3471 3722 3839 3855 3913 3965 3982 4203 4227 4306 4317 4348 4354 4589 4597 4691 4817 4939 4963 4966
114 203 269 302 316 323 528 565 586 685 888 892 904 912 1025 1028 1038 1047 1116 1341 1396 1456 1511 1528 1562 1567 1647 1654 1706 1717 1781 1995 2239 2300 2342 2384 2500 2520 2525 2721 2813 2824 2834 3035 3113 3115 3380 3408 3683 3733 3750 3820 3874 4010 4074 4097 4121 4253 4341 4353 4384 4391 4443 4447 4536 4549 4591 4651 4660 4722 4811 4979 4990
118 231 414 585 1505 1628 1832 1874 1943 2060 2088 2240 2396 2419 2490 2709 2919 2976 3030 3290 3656 3995 4018 4328 4332 4407 4560 4732 4745
131 182 263 377 424 675 827 856 882 1068 1085 1169 1260 1467 1601 1672 1706 1752 1813 1864 2182 2433 2477 2522 2539 2575 2598 2628 2701 3004 3241 3250 3317 3638 4102 4422 4475 4490 4495 4662 4816 4821 4828 4864 4894
133 135 241 249 335 440 566 734 881 1136 1240 1398 1718 1813 1956 1957 1986 1989 2004 2152 2222 2503 2563 2637 2656 2767 2965 2986 3017 3109 3110 3395 3442 3562 3572 3594 3631 3648 3742 3834 3885 3901 3949 3960 4040 4246 4308 4664 4668 4787 4838 4863 4900 4965
138 142 255 669 703 749 776 932 982 1046 1118 1194 1227 1246 1348 1355 1408 1543 1584 1646 1685 1906 2033 2080 2141 2252 2266 2670 2770 2923 3027 3075 3118 3400 3477 3635 3703 3726 3743 3831 3865 4060 4144 4236 4244 4556 4587 4746 4768 4788 4940
139 161 214 296 327 595 694 870 1095 1593 1637 1779 1907 1946 2184 2245 2265 2304 2427 2633 2754 2948 2963 3088 3183 3222 3234 3879 3999 4245 4403 4871
143 382 697 833 968 1296 1671 1853 2019 2036 2254 2303 2397 2485 2983 3135 3192 3503 3536 3988 4129 4532 4754
145 295 532 533 692 1069 1478 1583 1782 1944 2264 2293 2367 2471 2697 2724 3418 3472 3481 3751 4187 4313 4376 4596 4869
152 405 543 561 647 663 702 785 911 956 959 1020 1079 1157 1175 1312 1328 1363 1371 1374 1462 1495 1715 1856 1978 2064 2186 2301 2316 2376 2446 2460 2564 2570 2648 2696 2744 2830 2835 2897 3009 3015 3029 3032 3098 3129 3237 3396 3440 3455 3504 3542 3857 3930 3939 4017 4020 4120 4170 4244 4295 4302 4429 4434 4435 4487 4510 4552 4566 4576 4792 4818 4860 4881 4886 4952 4954
155 429 582 801 839 897 951 1034 1206 1496 1544 1556 1652 1691 1720 1831 1927 2112 2143 2466 2566 2576 2742 3330 3344 3369 3786 4035 4046 4110 4329 4382 4392 4479 4657 4692
166 200 604 631 739 1030 1451 1569 1599 1682 1952 2035 2128 2168 2550 3098 3106 3204 3230 3529 3678 3781 4406 4418 4564
170 217 360 369 376 683 690 711 792 917 1122 1344 1482 1485 1506 1910 1975 2041 2198 2305 2362 2370 2423 2451 2633 3410 3441 3573 3577 3698 3793 3836 4128 4202 4222 4271 4829
170 219 306 758 815 913 1238 1333 1335 1414 1418 1463 1554 1626 1706 1775 2444 2588 2631 2699 2793 3096 3107 3420 3458 3906 3988 4191 4197 4480 4725 4858
173 176 331 333 466 496 563 584 639 701 772 798 987 1108 1166 1551 1590 1665 1942 2001 2036 2135 2161 2238 2243 2381 2400 2447 2470 2510 2552 2612 2652 2655 2674 2734 3071 3170 3173 3189 3295 3571 3776 3778 3828 3972 4041 4181 4189 4240 4303 4550 4570 4596 4620 4740 4791 4808 4839 4863 4866
174 226 321 352 444 448 514 794 972 981 1077 1122 1207 1256 1409 1532 1597 2013 2063 2104 2132 2202 2288 2388 2517 2684 2946 3336 3468 3591 3805 3819 3851 4121 4433 4560 4597 4634 4787 4803 4864 4902 4970
181 351 434 493 661 664 691 747 795 803 813 1066 1164 1242 1271 1323 1369 1420 1440 1540 1597 1670 1755 1936 1937 1938 2016 2062 2127 2153 2241 2309 2419 2830 2873 2878 3050 3070 3099 3154 3164 3518 3530 3711 3955 3971 4043 4057 4062 4186 4232 4258 4397 4445 4552 4554 4612 4733 4883 4903 4981
185 578 641 796 905 1404 1787 1889 2055 2095 2167 2196 2295 2354 2369 2461 2891 3234 3278 3318 3332 3333 3698 3944 4293 4323 4646 4699 4796
186 488 614 779 832 1041 1132 1182 1416 1504 1558 1628 1948 2552 2947 3149 3304 3317 3622 3634 3835 4281 4389 4446 4545 4750
191 200 257 289 300 406 430 457 467 474 479 491 505 509 512 694 752 821 848 855 880 973 1105 1141 1189 1278 1330 1453 1473 1546 1564 1570 1625 1680 1780 1820 1881 1905 1923 1946 2047 2051 2173 2206 2482 2619 2707 2716 2794 2812 2845 2850 2941 2969 2994 3000 3005 3039 3132 3179 3243 3331 3376 3595 3644 3762 3772 3806 3866 3897 4140 4194 4219 4229 4300 4335 4340 4621 4675 4739 4797 4876 4947 4975
201 466 802 871 1243 1356 1752 2096 2177 2205 2372 2761 3426 3732 3921 3953 4070 4334 4470 4493
213 226 276 677 827 894 1004 1051 1171 1252 1257 1308 1428 1512 1598 1649 1656 1673 2061 2086 2282 2371 2528 2586 2660 2663 2672 2711 2780 2795 2900 2926 2950 3020 3194 3357 3411 3508 3544 3616 3673 3696 3739 4038 4377 4379 4600 4753 4857 4994
221 278 458 934 1037 1302 1356 1608 1624 1758 2029 2506 2615 2896 2955 2988 3216 3511 3665 3693 3727 3747 4366 4433 4589 4619 4635
226 359 591 627 731 864 912 1017 1120 1161 1384 1399 1534 1741 1784 2092 2121 2223 2297 2530 2582 2622 2714 2729 3374 3377 3425 3516 3699 3945 4184 4235 4596 4835 4872
239 468 1345 1378 1704 1739 1748 1766 1992 2166 2189 2484 2499 2511 2701 2884 3089 3217 3282 3358 3359 3412 3832 3870 3883 3884 4103 4215 4610 4655 4824 4858 4915
240 324 394 548 615 713 809 1180 1609 1645 1755 1921 2026 2046 2122 2188 2306 2332 2344 2449 2508 2517 2765 2837 3159 3183 3236 3255 3303 3349 3934 4212 4220 4405 4479 4488 4735 4756 4775 4778 4926
244 271 420 454 861 865 983 1064 1405 1734 1735 1768 2557 2708 2759 2935 3019 3207 3451 3518 3542 3757 4010 4073 4180 4583 4665
246 357 471 535 640 1014 1224 1383 1424 1448 1513 1550 1556 1700 1884 2046 2343 2563 2600 2757 3247 3513 3517 4082 4100 4360 4482 4637
248 261 415 593 964 1133 1154 1218 1298 1351 1384 1476 1537 1792 1963 2542 2673 3025 3252 3338 3409 3753 3850 3965 3986 4150 4151 4362 4398 4531 4751 4815
251 313 849 974 1073 1117 1214 1232 1277 1422 1875 2028 2571 2975 3123 3176 3190 3296 3371 3457 3800 4162 4572
271 477 506 766 1168 1596 1688 1701 1934 2329 3519 3548 3682 3760 3888 3973 3993 4106 4154 4245
273 299 763 790 1130 1324 1628 1636 1660 1806 2022 2036 2224 2558 2595 2623 2716 2867 3058 3148 3228 3269 3302 3379 3388 3559 3602 3661 3676 3803 3948 4074 4081 4161 4363 4377 4421 4572 4840 4875
288 361 393 651 799 903 1146 1436 1653 1737 1748 1816 1934 1952 2006 2278 2488 2741 2966 2984 3083 3251 3261 3451 3500 3546 3611 3625 3675 3705 3728 3761 3777 3811 3911 4216 4307 4322 4338 4365 4846 4976
295 642 650 699 1002 1169 1814 2207 2251 2310 2762 3029 3062 3088 3394 3629 3730 3824 3945 3996 4113
311 607 970 1057 1113 1173 1303 1306 1607 1722 1834 1989 1991 2063 2075 2181 2235 2271 2363 2934 3093 3120 3188 3242 3833 3863 3978 3989 4071 4561 4584 4684
341 367 421 424 722 863 940 1662 1849 1926 2304 2861 3002 3053 3091 3161 3195 3375 3402 3445 3958 4438 4449 4452 4467 4479 4483 4500 4582 4869
363 575 660 752 887 1091 1235 1297 1520 1614 1642 1855 1870 2158 2212 2400 2406 2540 2568 2626 2649 2756 2816 2953 3360 3579 3581 3584 3983 4036 4098 4141 4374 4502 4741 4961
365 408 486 536 588 884 978 994 1150 1192 1222 1230 1282 1289 1325 1354 1470 1539 1887 2331 2397 2403 2443 2768 3270 3764 4201 4217 4384 4409 4608 4659 4679 4766 4773 4887
435 655 1193 1294 1503 1666 1954 2010 2131 2317 2328 2358 2392 2501 2624 2630 2840 2926 3160 3214 3499 3558 4084 4454
446 554 574 712 812 900 962 1198 1199 1571 1675 1850 1920 1970 2185 2231 2241 2333 2428 2527 2718 2723 2800 2884 2904 2906 3116 3203 3227 3320 3428 3546 3610 3798 3907 4158 4169 4274 4347 4512 4520 4843 4877 4916 4989
512 645 850 915 977 1115 1743 1791 1971 1987 2005 2146 2312 2725 2773 2887 3122 3784 4013 4109 4575 4614 4709 4796
531 537 976 1309 1362 1594 1629 2066 2079 2220 2440 2642 2691 2810 2877 2885 3079 3210 3373 3388 3889 3905 4010 4102 4540
