1 34 607 717 823 938 1102 1216 1393 1472 1536 1541 1721 1778 1866 1923 1977 2026 2178 2319 2433 2781 3232 3260 3301 3599 3619 3657 3701 3733 3855 4098 4202 4206 4450 4754 4848 4891
2 224 239 267 274 285 482 568 635 743 878 1102 1183 1194 1368 1387 1562 1659 1799 1937 2156 2286 2358 2690 2775 2895 2999 3036 3053 3062 3401 3416 3487 3525 3667 3898 4044 4260 4308 4681 4929
3 65 345 353 374 470 509 527 583 599 698 750 759 806 850 900 1028 1039 1079 1481 1665 1803 1846 1920 2050 2214 2387 2470 2612 2690 2861 2935 3007 3060 3117 3127 3400 3431 3530 3564 3565 3571 3578 3703 3739 3847 4005 4282 4501 4611 4615 4618 4646 4678 4920
3 46 554 582 617 640 1236 1292 1421 1496 1639 1885 2243 2257 2467 2684 3465 3547 3828 3844 4112 4413 4419
3 42 116 169 175 395 429 468 506 513 523 598 739 766 867 888 963 986 1185 1257 1264 1364 1366 1403 1510 1513 1564 1596 1711 1752 1790 1812 1857 1958 2026 2042 2076 2219 2270 2341 2347 2416 2427 2462 2478 2481 2503 2542 2553 2583 2694 2698 2705 2725 2740 2773 2813 2829 2932 2970 3032 3079 3235 3305 3313 3364 3445 3520 3670 3697 3750 3752 3806 3823 3831 3833 3946 4408 4495 4529 4596 4610 4616 4659 4811 4973
3 4 94 276 440 466 501 517 968 1258 1288 1298 1339 1462 1481 1579 1582 1615 1654 1701 1723 1732 1794 1950 2084 2108 2398 2419 2480 2707 2748 2776 2954 2969 3078 3088 3103 3144 3190 3241 3293 3332 3377 3501 3530 3548 3852 3915 4168 4181 4396 4466 4480 4516 4539 4547 4768 4826 4891 4929 4938
4 52 181 188 202 217 284 340 360 364 390 398 464 518 632 677 758 970 1064 1087 1122 1142 1312 1378 1396 1406 1453 1460 1589 1695 1722 1746 1822 1876 1945 1957 1964 1999 2016 2045 2124 2132 2159 2304 2322 2426 2490 2573 2634 2786 3020 3080 3091 3108 3112 3273 3374 3405 3417 3614 3628 3821 3954 4039 4040 4077 4096 4271 4405 4415 4490 4586 4947 4996
4 25 57 82 127 145 350 488 532 591 637 719 732 772 893 972 1035 1040 1090 1115 1184 1251 1362 1370 1371 1461 1473 1605 1800 1817 1824 1833 2039 2040 2042 2220 2250 2273 2321 2352 2431 2457 2489 2642 2705 2734 2754 2756 2760 2792 2794 2803 2839 2867 2876 2957 3060 3076 3134 3159 3195 3197 3248 3385 3409 3430 3492 3638 3650 3709 3895 3927 4064 4104 4134 4177 4209 4304 4357 4423 4425 4544 4551 4690 4709 4748 4806 4838 4861 4919 4975 4978 4981
4 26 54 262 327 351 394 464 578 590 598 612 621 702 703 720 727 735 736 779 929 969 1045 1116 1120 1231 1244 1270 1290 1312 1358 1384 1535 1539 1572 1711 1809 1902 1907 2064 2119 2139 2229 2234 2235 2298 2317 2376 2485 2547 2616 2692 2697 2723 2783 2787 2853 2994 3003 3046 3058 3105 3124 3271 3298 3378 3493 3527 3560 3582 3622 3794 3811 3888 3959 4073 4124 4202 4208 4232 4311 4362 4372 4409 4451 4513 4657 4695 4732 4751 4774 4862 4876 4908 4909 4935 4969
5 47 112 132 178 195 246 317 409 487 533 643 693 782 929 954 992 1265 1321 1594 1599 1667 1751 1780 1867 1920 2071 2093 2118 2130 2139 2264 2276 2579 2594 2801 2986 3082 3100 3296 3386 3464 3606 3611 3787 3866 3959 3982 4065 4085 4268 4278 4297 4390 4438 4638 4682 4798 4854 4910
6 198 485 571 702 809 1015 1442 1481 1821 2355 2616 2806 3117 3388 4033 4200 4205 4277 4282 4366 4438
7 77 98 234 421 456 470 487 492 760 851 884 897 1276 1398 1475 1478 1730 1861 1950 2034 2144 2184 2195 2333 2475 2603 2640 2653 2826 2972 3060 3267 3480 3513 3526 3608 3740 3763 3918 3983 4091 4138 4240 4364 4540 4603 4808 4972
8 53 55 272 287 378 439 442 535 603 604 1186 1267 1325 1379 1396 1403 1510 1518 1574 1602 1679 1717 1753 1777 1878 1913 2163 2183 2204 2293 2362 2396 2456 2525 2560 2602 2727 2737 2799 2821 2850 2966 3160 3283 3399 3519 3567 3688 3712 3723 3738 3807 3885 3933 4089 4109 4110 4176 4212 4226 4235 4274 4359 4537 4575 4618 4662 4686 4731
9 24 143 207 292 355 464 795 1405 1463 1547 1567 1570 1763 2196 2397 2542 2595 2634 2704 2981 3039 3182 3316 3582 3772 3788 3932 4058 4212 4321 4630 4723 4739 4824
10 164 222 354 386 461 562 594 657 869 872 984 1042 1104 1192 1207 1239 1306 1309 1311 1562 1640 1743 1754 1791 1871 1940 2026 2033 2134 2159 2200 2233 2258 2357 2393 2484 2564 2579 2584 2712 2998 3035 3039 3137 3153 3192 3215 3262 3304 3323 3348 3365 3376 3442 3761 3810 3867 3891 3940 4065 4308 4327 4331 4410 4416 4428 4467 4505 4617 4627 4697 4789 4863 4932
11 232 322 365 379 401 579 624 685 749 837 1021 1106 1351 1367 1830 1833 1860 1967 2013 2152 2215 2494 2865 2960 3023 3040 3079 3141 3158 3168 3221 3393 3447 3472 3543 3574 3651 3758 3933 4021 4026 4201 4364 4493 4548 4580 4658 4666 4679 4840 4846
12 126 232 593 639 940 966 1563 1720 1797 1911 1982 2710 2823 3225 3404 3528 3761 3787 4259 4315 4451 4487 4911 4929
13 23 168 266 372 550 753 797 876 939 1147 1268 1658 1700 1716 1819 1830 2013 2239 2303 2488 2521 2553 2838 2855 3311 3326 3408 3484 3497 3583 3627 3797 3888 3959 4218 4285 4379 4514 4753 4754 4806 4844 4908 4952
14 295 397 672 814 917 1020 1043 1074 1094 1185 2041 2471 2730 2869 2989 3237 3290 3423 3510 3629 3669 3690 3721 3728 3812 3874 3997 4068 4158 4592 4594 4646 4667 4815
15 331 374 432 498 551 613 636 651 694 794 817 875 1166 1174 1300 1339 1398 1554 1562 1564 1628 1729 1799 1852 2478 2487 2530 2616 2837 2864 3275 3318 3345 3387 3441 3453 3579 3580 3680 3813 4011 4052 4119 4150 4202 4214 4321 4375 4392 4526 4564 4643 4878
16 174 241 273 635 915 1134 1345 1538 1547 1583 1738 1883 2063 2593 2627 2706 2719 3113 3145 3197 3217 3257 3375 3572 3638 3835 3941 3960 4024 4045 4175 4207 4289 4841 4897
17 63 88 147 374 413 469 692 1081 1227 1229 1454 1486 1529 1844 1994 2042 2230 2383 2579 2616 2780 2785 3216 3367 3644 3760 3767 3824 3912 4111 4400 4457 4730 4769
18 117 121 208 307 416 646 713 747 778 793 845 975 997 1010 1063 1106 1143 1247 1358 1412 1492 1508 1755 2001 2013 2028 2153 2167 2203 2226 2300 2346 2492 2535 2664 2665 2731 2913 2917 2918 2985 3041 3257 3318 3626 3643 3996 4220 4306 4382 4456 4496 4519 4550 4572 4822 4920 4946 4964 4976 4980 4990
19 112 203 204 242 266 294 365 390 493 574 630 649 664 710 712 718 759 779 825 940 948 960 1025 1030 1120 1132 1137 1147 1158 1166 1188 1244 1286 1356 1373 1433 1527 1560 1716 1753 1768 1989 2013 2115 2190 2207 2254 2336 2404 2511 2513 2626 2846 2870 2982 3024 3127 3258 3274 3284 3309 3440 3522 3534 3634 3696 3733 3922 3992 4001 4028 4099 4120 4130 4233 4325 4447 4468 4475 4518 4578 4584 4623 4656 4778 4789 4812 4839 4871 4888 4943 4997 4998
20 162 183 244 442 1702 1833 2111 2498 2607 2637 2657 2720 2933 3319 3765 3988 4114 4709 4900
21 72 107 137 275 291 326 364 602 606 683 714 811 831 882 913 924 1065 1123 1172 1208 1250 1322 1338 1355 1421 1490 1494 1586 1735 1753 1755 1799 1843 1889 1902 1926 2020 2136 2164 2228 2478 2491 2561 2565 2578 2596 2698 2719 2931 2934 2936 2984 3017 3033 3150 3185 3257 3302 3339 3360 3480 3512 3554 3585 3595 3602 3615 3633 3741 3834 3837 3851 3862 3863 3897 3992 4029 4165 4169 4262 4270 4271 4499 4522 4585 4613 4644 4865 4886 4947 4965
22 135 147 314 437 546 571 620 633 678 726 745 769 771 773 909 923 999 1027 1034 1085 1130 1133 1166 1228 1261 1467 1543 1634 1745 1757 1769 1881 1930 1945 2096 2122 2227 2268 2284 2324 2333 2345 2380 2400 2408 2640 2656 2668 2708 2900 3155 3203 3208 3285 3310 3340 3407 3428 3490 3499 3576 3608 3679 3838 3847 3924 3971 3984 4074 4255 4568 4653 4705 4742 4898
24 114 190 471 809 816 863 1048 1070 1156 1160 1211 1224 1354 1377 1520 1545 1588 1616 1662 1802 1804 1938 1956 1973 2021 2061 2090 2114 2147 2173 2194 2325 2361 2407 2413 2446 2452 2552 2581 2735 2768 2789 2791 2855 2930 2958 2968 3017 3027 3097 3231 3240 3252 3303 3392 3409 3502 3514 3545 3747 3759 3830 3841 3907 3911 3920 4219 4289 4446 4556 4644 4766 4772 4807 4858 4884 4923 4927 4949 4953
24 58 109 147 215 226 277 361 398 407 510 564 569 614 798 870 942 1017 1038 1100 1204 1403 1469 1526 1594 1622 1687 1716 1717 1873 1934 1976 2051 2163 2235 2307 2328 2396 2465 2562 2742 2849 2980 3066 3072 3098 3107 3118 3178 3259 3282 3291 3333 3355 3368 3396 3416 3429 3459 3579 3732 3789 3899 3974 4112 4204 4211 4212 4295 4316 4358 4373 4394 4459 4486 4494 4619 4741 4803 4833 4877
24 36 199 323 700 1242 1294 1307 1333 1448 1632 1777 1864 1874 2010 2331 2334 2423 2424 2718 2788 3202 3206 3466 3508 3582 4177 4239 4373 4555 4728 4797
27 81 116 140 296 368 391 510 522 524 540 780 995 1205 1209 1275 1312 1420 1455 1465 1468 1479 1488 1561 1564 1678 1692 1694 1730 1749 1787 1847 1873 1879 1997 2216 2247 2282 2309 2315 2343 2532 2546 2601 2619 2685 2698 2716 2738 2747 2795 2866 2883 2896 2971 2984 3045 3067 3074 3271 3318 3327 3398 3485 3519 3550 3551 3609 3642 3648 3687 3729 3804 3847 3889 3947 3964 4194 4412 4432 4471 4666 4667 4724 4725 4759 4823 4824 4856 4870 4874 4948
28 30 56 205 248 308 313 435 452 500 576 585 614 774 859 908 933 973 1093 1105 1159 1173 1221 1282 1297 1775 1888 1896 1940 2150 2371 2422 2512 2640 2805 2920 2953 3266 3545 3677 3722 3798 3980 4013 4026 4031 4363 4468 4544 4680 4738 4796 4842 4917 4923 4931 4983
29 64 118 266 347 382 422 505 549 582 615 627 647 651 675 690 733 803 881 889 910 972 1083 1098 1111 1157 1212 1449 1480 1599 1677 1698 1739 1741 1855 1886 2007 2023 2057 2153 2179 2248 2264 2278 2327 2536 2581 2598 2662 2701 2732 2804 2886 2997 3094 3127 3149 3255 3259 3389 3469 3479 3582 3612 3631 3708 3873 3910 3932 3975 4051 4118 4145 4203 4261 4283 4384 4473 4500 4509 4514 4569 4646 4693 4701 4787 4801 4819 4828 4879 4891 4900 4920
31 133 185 191 303 374 382 394 431 446 468 519 539 651 737 746 898 904 932 1050 1088 1155 1203 1217 1219 1248 1372 1423 1498 1559 1638 1650 1675 1697 1730 1881 1894 1919 1963 2029 2054 2056 2069 2077 2107 2224 2263 2285 2420 2459 2473 2531 2562 2594 2610 2678 2707 2731 2912 2938 3010 3049 3099 3126 3183 3214 3370 3406 3411 3478 3530 3608 3853 3898 3927 4029 4030 4050 4092 4106 4251 4283 4335 4339 4393 4513 4532 4570 4625 4688 4839 4864
32 89 214 335 351 449 529 554 587 631 702 809 849 885 936 937 948 985 1005 1233 1275 1346 1430 1646 1657 1717 1774 1784 1785 1820 1892 1909 2048 2126 2263 2317 2365 2391 2476 2478 2501 2505 2592 2629 2684 2719 2911 2979 3071 3380 3524 3559 3819 3828 3853 3871 3928 3990 4034 4113 4160 4166 4221 4239 4246 4322 4328 4435 4439 4527 4634 4651 4696 4738 4789 4790 4815 4827 4883 4917 4932 4997
33 61 201 320 466 559 571 576 697 934 1125 1310 1620 1685 1686 1777 1793 1941 2031 2162 2252 2265 2310 2314 2357 2506 2777 2881 2958 3047 3079 3175 3339 3357 3507 3733 3771 3829 3922 3990 4054 4075 4484 4583
35 102 139 194 230 357 470 478 686 698 708 834 987 1033 1238 1332 1339 1369 1388 1398 1444 1458 1487 1524 1561 1573 1590 1708 1851 1873 1895 1912 1918 1945 1964 1969 1975 2002 2044 2146 2302 2382 2451 2594 2684 2776 2781 2810 2845 2850 3319 3332 3369 3400 3414 3477 3498 3664 3781 3846 4128 4243 4252 4329 4342 4674 4677 4761 4829 4850 4908
37 73 231 269 381 476 553 655 787 800 855 930 947 988 1011 1043 1085 1119 1215 1253 1261 1314 1343 1418 1431 1436 1594 1617 1765 1838 1978 2115 2151 2197 2218 2266 2295 2660 2681 2685 2751 2782 2808 2838 2949 3055 3149 3371 3618 3803 3891 3904 3930 3993 4036 4246 4386 4453 4492 4541 4544 4610 4646 4660 4672 4710 4722 4962
38 134 180 251 317 351 427 455 501 531 555 582 668 670 687 832 865 895 953 1024 1032 1071 1117 1243 1300 1397 1414 1457 1466 1562 1609 1737 1811 1869 1873 1884 1898 1907 1930 2048 2203 2351 2386 2402 2410 2412 2460 2473 2563 2667 2688 2724 2752 2797 2824 2847 2917 3057 3136 3149 3322 3495 3607 3726 3806 3861 3869 3962 4035 4122 4173 4177 4366 4380 4391 4424 4455 4469 4513 4532 4546 4643 4644 4835 4932 4933 4937
39 48 81 189 247 347 399 426 442 455 466 536 547 589 692 754 772 833 866 948 1121 1185 1230 1268 1269 1319 1326 1350 1544 1618 1705 1882 1918 2095 2148 2390 2439 2443 2766 2802 2833 2877 3021 3042 3059 3289 3591 3600 3655 3694 3744 3829 3934 4012 4029 4056 4168 4515 4609 4684 4687 4783 4851 4853 4893
40 144 173 404 524 554 681 796 862 1139 1270 1408 1468 1914 2074 2083 2239 2420 2432 2605 2653 2927 3009 3056 3238 3263 3381 3462 3860 4743 4767
41 256 312 339 412 457 466 685 706 785 849 928 982 1076 1150 1210 1244 1246 1285 1304 1612 1656 1777 1816 1887 1932 1936 2038 2061 2088 2157 2159 2161 2184 2238 2264 2279 2406 2542 2548 2566 2581 2597 2611 2690 2743 2755 2894 2906 2989 3301 3403 3418 3438 3521 3569 3658 3776 3784 3891 3917 3924 3987 4141 4151 4154 4166 4204 4276 4290 4372 4376 4585 4590 4637 4933 4960 4997
41 355 410 896 1296 1464 1734 1862 1920 2030 2338 2567 2643 2909 3083 3377 3394 3541 3702 3796 3891 4230 4282 4372 4488 4666 4968
41 157 159 167 220 238 239 290 297 355 359 362 458 464 507 514 528 676 723 779 818 828 857 859 931 961 1009 1047 1060 1086 1149 1410 1489 1491 1593 1736 1941 2064 2082 2149 2202 2266 2392 2458 2482 2523 2545 2658 2695 2705 2790 2843 2857 2883 2917 2921 2932 2975 2995 3117 3244 3650 3678 3698 3713 3739 3745 3802 3825 3879 3880 3886 4179 4246 4308 4372 4384 4388 4402 4468 4497 4543 4545 4560 4640 4668 4864 4991 4992 4995
41 67 106 159 193 235 336 512 883 892 940 1138 1164 1318 1435 1474 1558 1747 1770 1808 1817 1901 2038 2105 2501 2629 2852 2939 3187 3210 3219 3382 3433 3682 3785 3881 3966 4029 4135 4159 4286 4346 4406 4432 4641 4917 4931
43 210 317 320 463 531 568 605 667 820 827 991 1002 1082 1106 1213 1379 1551 1756 1917 1992 2205 2278 2337 2779 2830 2952 2967 3007 3198 3483 3561 3566 3764 3782 3941 3958 3998 4318 4411 4421 4525 4564 4818
44 172 281 327 364 366 474 524 654 685 692 795 1401 1601 1668 1740 1832 1881 2005 2044 2239 2241 2318 2391 2474 2500 2577 3017 3088 3096 3163 3188 3211 3248 3271 3279 3294 3485 3516 3533 3684 3873 3923 3940 4196 4289 4303 4307 4343 4374 4407 4420 4445 4452 4610 4685 4702 4813 4834 4839 4857 4860 4917 4950
45 177 234 361 500 526 852 903 1068 1120 1398 1829 1849 2053 2634 2661 2903 2961 3103 3171 3184 3196 3336 3337 3426 3451 3529 3714 3820 3866 3925 3932 4102 4168 4554 4676 4779 4833 4932
49 93 179 311 373 577 578 623 674 699 706 763 780 802 805 807 846 859 947 972 1003 1098 1195 1200 1294 1295 1317 1344 1409 1437 1443 1458 1509 1510 1555 1581 1766 1782 1815 1859 1863 1898 1907 1941 1990 2078 2155 2193 2367 2510 2527 2570 2641 2774 2831 2910 2915 3092 3153 3212 3226 3277 3317 3334 3443 3458 3547 3555 3576 3621 3662 3770 3950 4046 4105 4154 4208 4305 4334 4373 4395 4429 4451 4566 4597 4629 4757 4766 4864 4905 4918 4979 4988
50 228 309 484 510 576 702 757 1226 1268 1673 1806 1983 1985 2263 2271 2272 2558 2580 2633 3009 3063 3161 3344 3352 3542 3563 3769 3779 3927 3958 3989 4015 4481 4535 4735 4809
51 114 141 166 202 380 442 454 497 504 570 759 1096 1155 1165 1274 1375 1382 1438 1495 1545 1582 1821 2129 2294 2308 2449 2514 3030 3189 3280 3312 3354 3504 3704 3768 3877 3992 4368 4378 4422 4602 4860 4868 4959
59 130 150 218 219 358 388 396 515 519 525 573 634 636 642 651 675 1027 1036 1063 1161 1190 1198 1222 1261 1320 1337 1353 1499 1614 1627 1630 1643 1666 1712 1823 1896 1991 2206 2211 2278 2364 2486 2520 2666 2685 2781 2858 2982 3086 3239 3397 3425 3460 3558 3608 3646 3720 3742 3772 3795 3878 3884 3905 3929 3963 4016 4020 4048 4167 4177 4239 4250 4294 4324 4461 4532 4599 4653 4679 4694 4745 4755 4756 4763 4859 4907 4911 4986
60 147 170 258 264 286 325 711 728 757 828 879 986 1001 1002 1019 1057 1078 1085 1182 1199 1256 1270 1361 1421 1550 1637 1651 1717 1748 1758 1980 2048 2099 2184 2188 2472 2517 2647 2855 2940 2951 3199 3470 3570 3641 3718 3727 3856 3875 3978 4037 4080 4123 4155 4222 4286 4337 4340 4389 4472 4652 4653 4747 4822 4902 4939 4955
62 239 377 521 1002 1131 1231 1577 1764 1824 1841 1851 1853 1986 1995 2061 2192 2221 2399 2437 2677 2707 2708 2717 2889 2937 3135 3162 3389 3471 3638 3673 3870 4164 4355 4820 4895
63 77 161 318 367 450 489 541 650 661 780 826 873 1012 1031 1148 1223 1374 1383 1510 1631 1715 1970 2043 2113 2267 2269 2471 2572 2793 2798 3034 3177 3318 3764 3772 3822 3957 4072 4441 4534 4814 4896 4957
63 124 253 279 363 460 568 795 813 992 1073 1365 1389 1622 1637 1641 1916 2244 2450 2466 2551 2644 2854 2882 3243 3298 3437 3490 3892 4284 4332 4349 4403 4654 4726 4762 4775
63 278 327 402 635 682 713 804 1017 1037 1231 1303 1573 1597 1629 1704 1818 1930 2085 2222 2505 2522 2534 2613 2653 2844 2874 3005 3061 3111 3139 3354 3593 3596 3735 3793 3906 4225 4247 4264 4585 4711
66 349 476 481 926 1108 1141 1144 1239 1254 1322 1641 1742 1830 2170 2312 2403 2495 2893 3301 3593 3868 4022 4148 4197 4286 4380 4387 4468 4531 4891
67 81 252 324 343 576 684 738 874 1225 1556 1580 1582 1616 1880 1915 1931 1942 1984 2003 2018 2027 2055 2360 2381 2501 2562 2731 2822 3006 3319 3335 3338 3352 3420 3424 3487 3509 3724 3733 3961 4169 4170 4198 4257 4350 4510
67 84 96 428 462 777 859 1049 1059 1146 1293 1300 1330 1723 1925 1950 2223 2702 2765 2950 3146 3165 3400 3535 3592 3683 3792 3857 3986 4112 4265 4286 4771
67 176 371 776 994 1043 1153 1452 1619 1711 1863 1881 1918 2060 2137 2353 2687 2849 3043 3339 3436 3485 3685 3739 3764 3900 3955 4079 4431 4462 4511 4579 4663 4749 4786 4875 4881 4926
68 105 144 531 659 770 894 986 1547 1621 1646 1827 2061 2386 2456 2736 2769 2815 2849 2872 2902 2991 3109 3580 3695 3736 3787 3944 4108 4600 4822
69 76 112 140 159 232 270 356 406 531 536 556 581 596 695 929 1099 1102 1241 1275 1342 1476 1508 1517 1531 1546 1568 1607 1665 1670 1693 1828 1839 1868 1896 1903 1904 1913 2159 2189 2213 2275 2317 2339 2409 2585 2639 2650 2680 2739 2860 2984 3013 3016 3157 3173 3177 3260 3354 3379 3485 3519 3596 3620 3672 3787 3823 3830 3898 3921 3941 4082 4139 4152 4287 4363 4365 4381 4430 4438 4473 4523 4553 4684 4712 4806 4837 4869 4903 4929 4980
70 236 408 698 784 1091 1179 1281 1309 1451 1778 1896 1930 1948 2036 2166 2281 2420 2455 2587 2608 2629 2631 2772 2899 2964 2977 2978 3001 3120 3245 3307 3475 3806 4038 4479 4804 4912
71 148 186 260 298 304 334 423 487 496 544 568 588 606 645 699 706 709 775 879 951 1017 1026 1151 1167 1358 1506 1552 1594 1662 1728 1817 1845 2075 2103 2261 2306 2445 2464 2528 2648 2827 2838 2891 2900 2917 2958 2976 2984 3009 3068 3089 3122 3138 3153 3272 3363 3366 3439 3471 3623 3828 3835 3956 4066 4117 4149 4337 4432 4507 4606 4612 4890 4895 4947
74 104 302 572 618 783 790 957 1170 1347 1505 1557 1755 1940 2091 2391 2516 2556 2617 2850 2944 3019 3052 3093 3104 3176 3309 3517 3935 4097 4141 4370 4576 4793
75 100 369 394 428 444 476 499 500 561 757 766 801 828 835 840 849 856 925 948 1037 1061 1066 1155 1249 1270 1297 1299 1392 1395 1425 1457 1561 1565 1613 1761 1776 1854 1918 2079 2160 2186 2323 2346 2362 2369 2374 2446 2483 2509 2553 2579 2781 2789 2842 2848 2850 2871 2901 2983 3050 3104 3154 3168 3172 3180 3200 3299 3325 3352 3353 3590 3598 3617 3715 3817 3835 3898 3903 3949 3992 4084 4086 4107 4157 4189 4254 4352 4374 4384 4470 4533 4601 4691 4703 4730 4810 4934 4954 4966
77 233 390 548 558 626 1107 1399 1445 1569 1907 1961 2058 2139 2169 2216 2421 2796 2912 3170 3181 3220 3278 3400 3416 3454 3463 3866 4136 4204 4302 4320 4367 4482 4740 4872 4894 4914
77 111 305 580 658 789 838 849 1056 1063 1080 1393 1413 1484 1625 1633 1655 1684 1725 1913 1979 2032 2064 2115 2117 2158 2173 2242 2420 2571 2591 2620 2634 2753 2767 2870 2907 2990 3131 3186 3236 3256 3286 3298 3331 3640 3647 3858 3977 4364 4591 4645 4849 4886
78 122 165 202 232 240 271 280 411 465 475 495 500 601 662 759 772 842 918 947 1008 1053 1129 1187 1201 1239 1309 1421 1523 1547 1548 1591 1626 1772 1849 1856 1863 1877 2138 2378 2424 2515 2586 2764 2863 2879 2914 2988 3197 3306 3329 3422 3468 3515 3636 3730 3740 3754 3761 3938 3939 4026 4088 4146 4185 4234 4245 4269 4309 4319 4379 4380 4699 4785 4897 4913
79 265 266 328 490 606 609 786 814 879 945 949 965 970 1162 1473 1512 1528 1585 1662 1709 1902 2049 2171 2187 2203 2263 2362 2436 2508 2533 2596 2655 2689 2919 3029 3081 3539 3777 3783 3832 3887 3959 4041 4043 4161 4244 4298 4300 4366 4442 4571 4667 4794 4877 4958 4968 4989
80 468 536 1349 1477 1564 1953 2142 2291 2373 2428 2460 2622 2733 2744 3039 3117 3402 3581 3616 4027 4153 4208 4271 4330 4356 4374 4489 4565 4573 4607 4733
81 85 110 131 202 239 261 289 310 436 448 451 641 688 701 768 841 967 1027 1155 1202 1458 1459 1468 1703 1713 1810 1927 1929 1964 1968 2008 2009 2035 2092 2172 2173 2368 2384 2448 2496 2557 2577 2588 2629 2636 2671 2679 2731 2851 2890 3008 3009 3143 3201 3213 3248 3314 3320 3332 3341 3432 3448 3452 3488 3596 3700 3761 3829 3840 3890 3952 3983 3990 4002 4035 4076 4138 4154 4256 4379 4477 4516 4521 4536 4626 4707 4727 4734 4739 4744 4758 4766 4791 4825 4867 4901 4925 4933 4961
83 87 108 182 387 392 631 731 854 885 929 940 1017 1092 1272 1456 1483 1644 1683 1788 1799 1836 1845 1987 2174 2262 2705 2784 2924 2945 3037 3084 3116 3242 3253 3293 3383 3450 3461 3489 3523 3546 3635 3660 3740 3775 3830 3913 4009 4065 4417 4530 4618 4621 4648 4782 4843 4852 4904
86 103 140 156 243 383 398 459 501 610 652 665 766 877 1097 1240 1245 1283 1336 1786 1849 1910 2073 2080 2095 2301 2349 2468 2728 2771 2776 2856 2963 3140 3147 3153 3247 3264 3288 3339 3384 3415 3576 3587 3630 3762 3818 3859 3983 3994 4079 4138 4166 4216 4266 4289 4373 4374 4426 4618 4720 4795 4855 4974
90 382 721 729 751 779 843 941 1169 1339 1396 1422 1432 1665 1719 1726 1753 1783 1796 1849 1897 1972 1974 2068 2081 2127 2357 2366 2493 2569 2596 2708 2719 2962 2973 2992 3095 3164 3203 3292 3357 3391 3412 3556 3691 3845 3849 4418 4473 4528 4639 4679 4689 4746 4860
91 455 503 537 567 698 808 840 885 947 978 1606 1689 2396 2411 2838 3085 3220 3645 3764 3873 4237 4864
92 213 257 420 425 473 486 501 516 541 566 575 584 587 595 653 716 742 814 836 914 921 936 977 1055 1067 1109 1135 1154 1232 1308 1312 1403 1429 1508 1622 1660 1669 1755 1851 1898 1908 2014 2025 2460 2466 2625 2685 2688 2757 3022 3039 3088 3151 3260 3301 3324 3352 3476 3545 3557 3756 3809 3814 3854 3902 3936 4060 4062 4137 4147 4227 4271 4273 4280 4310 4313 4458 4562 4669 4684 4718 4736 4754 4836 4886 4906 4922 4928 4942
95 352 519 704 734 840 1007 1166 1608 1627 1727 1767 1814 1981 2004 2266 2446 2456 2673 3593 3749 3976 4047 4371 4465
97 101 114 153 225 237 259 272 316 370 398 414 472 530 543 578 598 643 680 725 761 772 783 792 956 992 1106 1185 1197 1259 1575 1646 1688 1801 1935 2011 2165 2216 2348 2401 2429 2444 2501 2562 2568 2596 2609 2676 2698 2700 2745 2870 2923 3127 3177 3220 3260 3276 3293 3321 3328 3480 3491 3675 3676 3743 3942 3991 4003 4035 4126 4154 4268 4324 4432 4514 4725 4760 4780 4821 4980 4993
99 196 342 419 424 511 673 767 1051 1128 1493 1549 1652 2225 2256 2382 2417 2453 2942 3051 3268 3315 3933 4354 4363 4377 4433 4464 4620
112 384 572 628 810 1029 1379 1416 1455 1516 1519 1890 1900 1905 1913 1947 2154 2297 2469 2549 2674 2714 2721 2834 2880 3104 3148 3321 3482 3573 3734 3836 4186 4202 4283 4324 4338 4363 4467 4542 4588 4684 4713 4833 4882 4945
113 123 149 160 283 393 430 502 534 691 699 912 959 1000 1152 1175 1263 1297 1393 1419 1447 1507 1571 1710 1762 1789 1845 1858 2104 2118 2141 2329 2330 2357 2507 2554 2632 2684 2738 2873 2892 2908 3060 3121 3167 3204 3251 3474 3624 3674 3711 3766 3778 3805 3888 3967 4007 4008 4087 4193 4239 4248 4267 4397 4444 4451 4485 4502 4503 4520 4608 4683 4738 4765 4815 4886 4892 4999
114 138 187 417 752 879 1268 1380 1386 1391 1532 1826 2019 2320 2350 2385 2386 2538 2646 2855 2943 3128 3287 3435 3663 3751 3755 3985 4014 4241 4253 4258 4622 4830
115 144 221 361 385 699 847 1220 1305 1324 1553 1616 1671 1824 1940 1941 2292 2576 2649 2663 2681 2887 2897 2941 3017 3079 3193 3309 3533 3562 3580 3610 3894 3965 4100 4182 4268 4333 4361 4563 4605 4679 4730 4773 4799 4805 4824 4940 4941
116 282 320 410 433 510 619 809 1014 1140 1171 1234 1313 1331 1676 2519 2575 2600 2675 2928 3149 3156 3480 3537 3552 3603 3656 3826 3850 4552 4764
116 128 338 365 922 962 1120 1144 1275 1315 1340 1647 2006 2332 2382 2389 2524 2691 2741 3220 3259 3999 4443 4512 4655
119 428 755 766 1271 1604 1921 2015 2070 2249 2543 2604 3026 3233 3467 3533 3692 3823 3888 4019 4067 4129 4296 4388 4437 4698 4766
120 592 679 707 945 964 1023 1145 1504 1716 1718 2024 2038 2115 2198 2299 2313 2370 2441 2497 2800 3054 3257 3471 3577 4163 4544 4664
125 152 250 572 578 689 696 795 891 911 936 946 1075 1294 1404 1411 1457 1545 1623 1648 1711 1735 1831 1842 1998 2163 2205 2231 2232 2326 2344 2382 2386 2672 2832 2878 2932 3015 3254 3343 3377 3390 3457 3549 3579 3685 3740 3853 3932 3981 4090 4231 4299 4448 4498 4538 4557 4781 4833 4982
129 136 212 272 333 434 570 660 844 1054 1098 1147 1262 1360 1393 1511 1637 1653 1706 1714 1835 2087 2097 2153 2395 2442 2544 2621 2682 2699 3174 3194 3218 3261 3319 3373 3444 3481 3503 3588 3639 3668 3685 3806 3958 4049 4150 4169 4398 4467 4517 4604 4643 4700 4871 4911 4967 4968
140 155 315 447 570 572 944 1006 1062 1063 1189 1328 1394 1470 1481 1501 1503 1542 1599 1690 1824 1837 1840 1955 1988 2018 2052 2109 2133 2139 2203 2209 2277 2296 2317 2447 2505 2542 2550 2659 2696 2750 2870 2900 2987 3044 3077 3088 3224 3321 3349 3350 3409 3413 3442 3464 3487 3505 3538 3625 3725 3753 3791 3924 3941 3945 4079 4081 4103 4122 4150 4171 4279 4282 4292 4312 4321 4345 4384 4474 4491 4514 4624 4675 4729 4837 4839 4887 4908 4916 4985
142 151 197 223 479 519 631 706 828 861 871 901 1041 1103 1279 1289 1390 1455 1610 1674 1750 1813 1850 1870 1971 2046 2145 2305 2356 2440 2446 2529 2615 2645 2726 2746 2770 2812 2816 2996 3075 3147 3169 3191 3248 3265 3297 3500 3596 3717 3823 3901 3951 4004 4095 4127 4138 4141 4142 4180 4187 4549 4635 4714 4739 4784 4911 4920 4933 4987
144 629 636 769 819 864 905 919 950 1181 1280 1508 1595 1598 1645 1730 2240 2346 2389 2391 2438 2635 2683 2713 2811 3073 3168 3179 3473 3494 3865 3893 3937 3940 4150 4317 4414 4436 4704 4708 4716 4738 4845 4866 4984
146 376 405 538 638 821 916 1144 1261 1636 2131 2239 2708 2825 2868 2955 2974 3309 3652 4063 4144 4380 4653 4709 4725 4871
154 209 245 268 293 330 346 453 557 622 663 671 675 858 983 1136 1235 1635 1735 1744 1759 1760 1845 1943 2066 2106 2199 2235 2251 2259 2342 2415 2454 2485 2669 2709 2885 2912 2982 3070 3077 3125 3129 3249 3372 3389 3456 3487 3490 3506 3533 3919 3933 4053 4070 4083 4122 4191 4288 4385 4831 4832 4837
158 389 443 542 917 1277 1485 1600 1637 1821 1851 1891 1920 2466 2589 2640 2818 3028 3104 3434 3617 3650 3829 3896 4242 4364 4401 4754
159 410 597 783 822 917 936 986 1334 1358 1366 1428 1514 1584 1627 2118 2316 2456 2883 3025 3699 3830 4145 4399 4860
163 211 263 570 669 981 1592 2059 2266 2553 2965 3110 3665 4017 4055 4079 4102 4291 4348 4454 4667
171 229 254 341 364 375 631 635 722 748 756 799 885 945 1127 1309 1348 1440 1821 1951 2112 2253 2425 2435 2505 2654 2912 3064 3090 3553 3943 4169 4191 4449 4633 4847
184 212 508 644 848 927 935 970 1084 1300 1385 1537 1781 2086 2205 2518 2688 2776 2875 2932 3207 3308 3332 3347 3389 3518 3519 3737 4215 4223 4413
192 288 327 394 445 491 541 608 780 814 972 1016 1168 1177 1341 1366 1376 1455 1500 1582 1649 1662 1672 1696 1825 1833 1906 2012 2072 2128 2180 2237 2245 2363 2471 2485 2504 2789 2817 2898 2916 2958 3000 3014 3123 3152 3205 3250 3271 3281 3356 3530 3605 3746 3914 3916 3979 4010 4093 4145 4178 4236 4293 4301 4347 4388 4558 4581 4614 4650 4717 4788 4900 4923 4931
200 306 337 636 643 730 824 920 1018 1101 1112 1196 1359 1363 1471 1530 1533 1863 1949 1959 2163 2340 2396 2434 2541 2581 2599 2749 2762 2807 2993 3065 3142 3168 3351 3357 3496 3613 3653 3839 3873 3983 4065 4102 4294 4336 4366 4792 4873 4889 4977 5000
206 321 332 438 476 614 675 741 880 945 958 990 1002 1176 1180 1191 1244 1795 1962 2048 2100 2185 2333 2377 2394 2405 2424 2471 2540 2577 2703 2715 2946 3223 3446 3547 3617 3689 4042 4059 4183 4217 4281 4593 4956 4970 4997
212 361 625 713 791 917 989 1085 1118 1237 1322 1323 1417 1426 1502 1603 1641 1665 1682 1724 1944 2191 2212 2359 2375 2430 2477 2574 2618 2729 2738 2835 2926 2959 3069 3147 3177 3230 3354 3455 3464 3545 3584 3816 3842 3931 4061 4133 4208 4323 4567 4628 4647 4721 4750 4752 4817 4885 4921 4930 4947 4994
212 468 494 520 685 839 1231 1561 1733 1773 1778 1933 1950 2000 2044 2288 2590 2761 2862 3048 3632 3828 3958 4141 4213 4730 4815 4837
216 320 428 545 1446 1798 2101 2354 2389 2789 2836 3166 3434 3532 3731 3843 4172 4192 4321 4900 4980
227 249 329 740 998 1163 1287 1291 1335 1450 1515 1627 1664 1681 1902 2018 2089 2208 2260 2289 2379 2485 2577 2681 2711 2763 2948 2982 2989 3038 3077 3101 3103 3197 3300 3594 3654 3808 3882 3922 3968 3973 4032 4122 4156 4168 4188 4199 4228 4283 4587 4598 4739 4877 4971
234 764 783 899 1316 1616 1661 1731 1960 2606 2840 2849 3203 3342 3716 3848 4026 4246 4263 4434 4585 4666 4789
234 347 483 587 715 1027 1147 1260 1366 1473 1525 1534 1624 1817 1830 1875 1899 1939 1952 1966 2120 2123 2175 2424 2526 2628 2638 2652 2653 2693 2759 2989 3007 3115 3421 3604 4023 4131 4238 4460 4504 4737
255 582 906 976 980 1013 1043 1297 1415 1457 1611 1735 1898 1928 1993 2044 2064 2095 2143 2287 2335 2389 2594 2614 2778 2828 2841 3087 3102 3222 3234 3321 3330 3357 3358 3410 3442 3464 3540 3686 3719 3773 3827 3872 3922 3924 3953 4000 4018 4101 4115 4125 4341 4351 4388 4476 4532 4595 4642 4665 4692 4725 4800 4897 4915 4931
272 355 415 524 563 757 769 1622 1946 2094 2121 2246 2537 2819 3270 3666 3685 3705 3780 4057 4166 4229 4272
299 552 554 648 762 1072 1110 1144 1206 1255 1266 1396 1522 1573 1707 2047 2362 2372 2414 2539 2722 2814 2859 3011 3209 3544 3547 3659 3681 3866 3909 4210 4508 4574 4968
300 812 1178 1381 1400 1468 1792 1945 2182 3293 3346 3486 3568 3801 3853 3908 4035 4121 4195 4413 4564
301 365 724 788 952 1046 1114 1407 1427 1566 1576 1646 1663 1680 1723 1779 1865 1924 2022 2067 2098 2217 2236 2466 2555 2559 2686 2688 2758 2809 2883 2904 3147 3589 3597 3706 3757 3786 3847 3876 3995 4132 4212 4308 4478 4524 4559 4649 4877 4880 4944 4951 4963
317 351 403 853 974 1069 1095 1126 1239 1771 2018 2125 2264 2900 3012 3575 4006 4204 4294 4344
319 344 536 560 600 656 692 713 886 993 1022 1294 1301 1302 1439 2255 2502 2681 2690 3106 3228 3269 3419 3427 3637 3638 3649 4112 4116 4190 4353 4383 4440 4516 4644 4673 4802
347 1037 1052 1402 1573 1578 1599 1723 1778 2176 2181 2463 2738 3004 3133 3227 3359 3377 3617 3748 3772 4071 4078 4404 4467 4513 4709
348 382 616 868 1044 1058 1098 1434 1473 1691 1965 2116 2118 2280 2290 2388 2624 3002 3007 3471 3693 3739 4145 4249 4413 4506 4706
390 410 418 470 480 487 571 598 606 643 744 840 955 970 1004 1037 1193 1252 1284 1329 1521 1545 1641 1699 1805 1848 1872 1954 2065 2168 2173 2177 2216 2278 2311 2499 2623 2884 2929 3077 3362 3395 3416 3442 3490 3511 3531 3536 3576 3580 3593 3601 3800 3948 4184 4191 4224 4337 4438 4483 4516 4631 4636 4661 4806 4816 4895 4899 4923 4924 4936
400 441 467 611 830 890 1089 1214 1327 1379 1893 1922 1964 1996 2026 2135 2479 2947 3018 3799 3990 4025 4069 4094 4294 4360 4379 4463 4564 4670 4770
455 587 769 1102 1124 1218 1497 1587 2201 2346 3103 3246 3409 3434 3449 3835 4140 4191 4275 4871
477 614 979 1278 1352 2017 2037 2184 2205 2235 2333 2888 3114 3132 3229 3298 3434 3815 3926 3970 3972 4314 4326 4337 4561 4577 4643 4719 4776 4824
541 565 781 887 902 943 992 996 1273 1322 1357 1424 1540 2095 2110 2153 2460 2473 2670 2707 3031 3130 3295 3579 3650 3661 3774 3790 3864 3927 3940 4102 4174 4427 4632 4671 4777 4822
586 666 705 815 860 1077 1441 2038 2102 2274 2283 2418 2461 2582 2630 2651 2925 2956 3203 3361 3586 3710 4143 4162 4268 4324 4473 4582 4610 4895 4897
765 829 907 971 1113 1458 1482 1642 1807 1834 2042 2062 2140 2210 2473 2820 2905 2922 3119 3259 3671 3707 3883 3969 4369 4589 4715
