1 23 126 163 208 284 298 322 380 446 490 710 718 742 812 878 924 981 1122 1246 1493 1565 1590 1634 1645 1735 1826 1981 2004 2035 2097 2220 2237 2251 2263 2289 2308 2334 2441 2462 2464 2498 2612 2613 2845 2893 2937 2942 2976 3025 3099 3119 3253 3358 3378 3404 3434 3513 3531 3578 3609 3626 3639 3652 3669 3831 3849 4139 4313 4345 4380 4411 4507 4548 4584 4640 4747 4871
2 64 282 460 528 545 786 824 826 964 1141 1142 1306 1647 1679 1757 1811 1977 1979 2043 2056 2091 2098 2107 2176 2242 2403 2430 2505 2561 2591 2689 2702 2751 2842 2985 3069 3128 3168 3208 3579 3585 3665 3849 3880 3998 4082 4125 4200 4384 4536 4570 4691 4798
3 113 171 235 240 246 259 362 483 505 560 606 607 623 812 911 1003 1149 1175 1200 1214 1223 1257 1285 1297 1438 1558 1591 1638 1640 1644 1719 1725 1749 1767 1846 1926 1935 1971 2004 2027 2035 2087 2126 2144 2193 2216 2252 2400 2427 2486 2525 2552 2660 2779 2799 2828 2884 2994 3033 3160 3161 3374 3404 3519 3589 3625 3732 3745 3918 3967 3983 4041 4080 4176 4195 4433 4580 4590 4592 4639 4732 4768 4860 4876 4897 4930
4 30 145 204 307 318 539 666 796 811 898 937 977 982 1074 1086 1157 1182 1303 1346 1348 1399 1424 1554 1627 1630 1638 1677 1970 2002 2070 2143 2489 2547 2729 2754 2806 2842 2894 2992 3035 3049 3125 3174 3347 3395 3589 3654 3719 3806 3911 4000 4152 4201 4424 4540 4709 4787 4842
5 15 41 56 86 210 282 302 885 967 982 985 1146 1165 1184 1289 1294 1353 1373 1424 1451 1469 1498 1508 1517 1536 1814 1903 1958 2071 2110 2141 2237 2422 2435 2467 2476 2604 2616 2644 2731 2733 2849 2986 3084 3131 3155 3269 3288 3360 3450 3462 3630 3665 3761 3769 3931 3933 3938 3939 4029 4045 4115 4125 4135 4140 4215 4245 4287 4306 4353 4454 4505 4519 4623 4638 4643 4668 4755 4757 4798 4818 4828 4842 4877 4907 4912 4925 4944 4968
6 233 341 503 1862 1870 2276 2319 2480 2522 2599 2705 2788 2813 3414 3868 4098 4264 4281 4368 4398 4400 4504 4599
7 78 98 114 178 207 229 456 471 534 539 694 773 929 1003 1108 1200 1318 1399 1700 1886 1957 2114 2180 2275 2289 2294 2331 2422 2543 2743 2883 2902 2923 2982 3156 3279 3375 3404 3420 3474 3530 3602 3810 3814 3934 4031 4120 4235 4395 4498 4586 4688 4770 4787 4964 4971 4977 4991
8 38 89 128 136 142 153 200 213 248 284 319 357 487 490 492 525 562 632 633 658 757 788 800 880 887 953 1152 1289 1309 1311 1392 1402 1538 1744 1765 1772 1807 1839 1961 2007 2011 2030 2049 2051 2236 2242 2328 2390 2664 2702 2717 2779 2828 2842 2910 3014 3015 3059 3099 3175 3208 3269 3569 3625 3661 3699 3712 3743 3766 3895 3945 4085 4144 4303 4348 4400 4554 4590 4655 4658 4694 4710 4735 4873 4874 4883 4942
9 81 210 560 928 1126 1141 1469 2087 2126 2710 2924 3549 3559 3662 3687 3813 3931 3932 4108
10 24 104 282 394 444 632 692 722 1276 1331 1606 1620 1655 1912 2087 2177 2433 2483 3453 3529 3704 3710 3909 4234 4330 4339 4359 4469 4558 4601 4642
11 80 267 290 331 345 380 514 585 675 840 866 872 1059 1198 1257 1344 1395 1462 1483 1541 1583 1647 1753 1779 2023 2187 2642 2662 2704 2736 2745 2972 3160 3191 3324 3387 3403 3421 3454 3519 3599 3704 3882 3886 4014 4025 4212 4244 4250 4297 4314 4360 4396 4545 4624 4627 4756 4786 4855 4890 4907 4915 4999
12 69 130 614 731 746 1491 1496 1543 1772 2049 2152 2702 2713 2920 3066 3213 3648 3841 4163 4248
13 52 67 198 222 403 844 1082 1311 1410 1517 1688 1692 1771 2011 2199 2384 2747 2754 2780 2783 2883 3088 3155 3160 3512 3635 3707 3763 3867 3997 4051 4074 4082 4304 4336 4361 4414 4813 4841 4980
14 59 222 226 267 309 319 374 445 483 487 522 539 577 590 623 626 636 671 728 731 753 763 835 864 879 902 930 1141 1144 1241 1373 1397 1424 1527 1647 1700 1733 1762 1763 1765 1878 1927 1945 1985 2010 2082 2164 2174 2197 2221 2237 2245 2305 2363 2458 2462 2480 2503 2541 2715 2716 2812 2828 2881 3000 3036 3059 3123 3198 3208 3244 3272 3378 3420 3479 3586 3592 3598 3613 3731 3811 3913 4023 4212 4252 4301 4349 4440 4469 4521 4551 4562 4776 4833 4874 4918 4946 4951 4994
15 34 36 57 69 110 158 161 233 259 299 414 606 724 764 799 806 891 927 990 1036 1204 1292 1294 1303 1414 1421 1531 1558 1568 1581 1676 1743 1750 1795 2049 2081 2146 2224 2333 2350 2387 2407 2592 2638 2666 2723 2838 2893 2980 3073 3135 3207 3221 3265 3266 3305 3485 3487 3489 3532 3620 3793 3868 4043 4085 4174 4200 4236 4265 4354 4439 4450 4480 4514 4541 4597 4615 4627 4646 4668 4680 4685 4699 4709 4733 4874 4908
15 111 219 284 319 418 475 518 520 539 595 616 1002 1051 1214 1291 1303 1477 1521 1614 1806 1847 1927 1982 1983 2023 2173 2180 2257 2357 2361 2421 2470 2784 2844 3023 3052 3077 3230 3242 3313 3382 3414 3420 3465 3667 3991 4096 4148 4243 4246 4369 4439 4459 4475 4493 4678 4687 4709 4857 4891 4918
15 142 267 270 282 300 397 460 514 976 994 1099 1108 1283 1285 1318 1334 1421 1528 1567 1630 1686 1946 2082 2090 2294 2506 2511 2539 2746 2749 2773 2780 2829 3131 3147 3174 3184 3324 3348 3363 3419 3442 3626 3918 4060 4082 4180 4243 4324 4457 4630 4648 4674 4699 4713 4804 4831 4912 4965 4995
15 78 109 359 389 409 445 518 561 644 680 705 840 982 1033 1043 1059 1165 1285 1292 1318 1413 1528 1596 1606 1823 1844 1984 2022 2071 2225 2294 2390 2498 2577 2599 2844 2880 3055 3131 3199 3240 3243 3249 3468 3483 3555 3575 3726 3811 3813 3835 3868 3935 3937 3953 4103 4191 4204 4212 4279 4303 4322 4415 4426 4469 4500 4519 4528 4626 4668 4758 4773 4812 4939 4981
15 342 417 448 449 587 696 879 922 958 1133 1280 1396 1421 1517 1556 1648 1952 2035 2069 2079 2096 2098 2126 2184 2420 2643 2702 2741 2856 2864 2870 2902 2945 2972 3123 3131 3140 3233 3260 3325 3362 3516 3668 3816 3862 4178 4301 4338 4363 4381 4440 4455 4583 4597 4656 4657 4874 4884 4893
15 340 580 975 1207 1237 1286 1394 1455 1512 1524 1631 1806 1838 1866 1927 2165 2340 2464 2539 3026 3048 3097 3148 3173 3177 3231 3346 3757 4015 4045 4773
16 356 359 380 533 640 722 793 872 982 1012 1086 1265 1269 1318 1464 1532 1648 1667 1671 1821 1828 1969 1980 2005 2010 2023 2156 2234 2237 2455 2497 2498 2565 2620 2693 2812 2951 3024 3096 3124 3246 3322 3569 3670 3696 3700 3790 3797 3845 3911 3963 4192 4236 4380 4457 4494 4643 4668 4744 4842 4852 4960
16 142 318 346 569 595 673 693 704 722 796 798 929 1027 1124 1188 1313 1499 1557 1658 1665 1697 1721 1732 1807 1837 1908 1911 1944 1947 2035 2122 2278 2307 2359 2369 2405 2438 2652 2668 2812 2843 2883 3108 3163 3182 3194 3208 3226 3296 3406 3422 3425 3462 3693 3734 3765 4000 4303 4384 4452 4465 4491 4523 4552 4712 4809 4911 4918 4942 4996
16 53 65 97 140 235 259 284 383 426 445 460 479 487 542 623 728 933 957 1078 1241 1263 1285 1292 1344 1359 1465 1509 1626 1630 1655 1877 1913 1918 2071 2112 2133 2198 2466 2539 2600 2607 2864 2888 2948 2981 2992 3221 3276 3302 3385 3408 3409 3432 3519 3536 3657 3676 3694 3729 3858 3919 4057 4125 4161 4239 4281 4359 4364 4379 4399 4424 4445 4482 4519 4602 4634 4675 4766 4852 4876 4943 4966
16 117 210 223 256 287 310 330 423 514 554 556 571 625 659 693 806 844 847 903 919 951 1007 1156 1202 1210 1276 1444 1544 1586 1678 1769 1892 1938 2138 2178 2213 2294 2370 2378 2390 2545 2719 2819 2891 2911 3041 3055 3078 3101 3188 3261 3292 3314 3388 3399 3417 3436 3581 3653 3662 3710 3907 3994 4083 4110 4119 4179 4320 4340 4429 4461 4463 4597 4741 4827 4936 4942 4975 4991
16 157 340 349 392 451 626 645 765 786 793 863 884 912 914 929 1003 1013 1025 1064 1201 1343 1452 1512 1528 1558 1635 1979 2003 2028 2092 2095 2256 2374 2403 2404 2586 2678 2750 2781 2804 2874 3156 3174 3221 3243 3253 3283 3423 3459 3480 3487 3589 3603 3708 3767 3778 3779 3944 3987 4075 4085 4151 4222 4248 4317 4400 4418 4487 4834 4878 4890
16 196 266 346 731 934 983 1041 1228 1294 1431 1552 1558 1572 1640 1647 1671 1776 1836 1919 1979 2180 2217 2305 2336 2591 2764 3023 3067 3075 3239 3261 3335 3645 3665 3676 3760 3845 3866 3868 4070 4146 4194 4322 4433 4612 4655 4713 4837 4896 4912
16 164 189 225 541 662 787 812 820 836 882 983 1015 1100 1174 1190 1219 1336 1477 1677 1700 1892 2001 2011 2023 2175 2237 2242 2250 2278 2305 2545 2623 2641 2708 2904 3023 3041 3043 3284 3291 3324 3349 3378 3397 3514 3569 3622 3672 3773 3887 3992 4061 4125 4196 4276 4436 4683 4705 4825 4862 4872 4991 4994
17 91 282 326 332 380 571 717 835 1055 1200 1276 1301 1494 1640 1655 1705 1717 1808 1933 2069 2109 2172 2370 2462 2484 2576 2635 2711 2780 2815 2855 3037 3110 3407 3504 3654 4147 4234 4359 4899
18 30 54 210 285 422 847 960 1025 1257 1258 1413 1648 1943 2064 2083 2100 2230 2289 2324 2551 2592 2826 2883 3494 3676 3764 4301 4393 4640 4683 4696
19 61 235 402 778 803 896 958 1179 1253 1441 1507 1587 1665 1698 1726 1820 1935 2055 2069 2464 2484 2567 2955 3113 3203 3313 3457 3506 3538 3636 3844 4032 4247 4248 4683 4787 4875 4932 4945
20 73 74 142 444 467 518 564 569 571 597 671 767 786 796 820 909 948 949 1165 1231 1247 1257 1346 1441 1506 1514 1534 1606 1635 1636 1647 1877 1888 2180 2289 2376 2488 2532 2539 2562 2566 2583 2590 2706 2844 2876 2933 2978 2994 2999 3104 3172 3187 3269 3422 3486 3492 3574 3589 3595 3662 3709 3714 3754 3806 3867 3929 3964 4005 4006 4112 4166 4171 4182 4211 4265 4286 4341 4380 4561 4629 4714 4748 4762 4769 4833 4850 4870 4950 4966
21 30 38 69 131 226 249 260 341 575 626 638 643 717 722 819 950 984 997 1141 1190 1205 1264 1337 1450 1566 1600 1647 1792 1919 2120 2205 2293 2403 2484 2529 2834 2985 3021 3394 3612 3710 3711 3751 3806 3888 4142 4217 4225 4229 4285 4331 4400 4409 4433 4538 4668 4683 4806 4861 4987 4990
22 155 232 233 284 393 421 445 459 566 683 719 767 806 826 834 1015 1068 1072 1104 1226 1289 1298 1308 1398 1403 1471 1613 1617 1650 1665 1719 1783 1800 1856 1889 2034 2205 2357 2360 2373 2403 2438 2460 2493 2522 2591 2673 2678 2747 2807 2873 3017 3041 3205 3281 3298 3312 3328 3389 3588 3651 3806 3940 3962 3969 4032 4058 4162 4200 4216 4287 4288 4314 4466 4507 4590 4640 4672 4798 4907 4925 4979
25 368 380 490 825 998 1186 1260 1606 1696 1780 2093 2196 2438 2450 2484 2628 2767 2832 2902 3328 3426 3444 3547 3611 3760 3789 4101 4141 4167 4211 4248 4277 4432 4517 4689 4751 4852 4883 4941
26 92 291 341 530 565 703 716 837 1041 1113 1304 1458 1484 1540 1547 1621 1637 1719 1745 1791 1928 2019 2047 2154 2166 2205 2262 2294 2376 2464 2500 2793 2889 3131 3238 3338 3420 3439 3541 3698 3784 3788 3805 3919 3927 3951 4236 4667 4750 4769 4847 4988
27 139 415 444 463 713 722 795 814 1064 1086 1216 1311 1488 1517 1605 1772 1863 2086 2108 2499 2527 2542 2835 2898 2957 2964 3013 3169 3200 3219 3336 3399 3462 3651 3778 3806 3876 4018 4081 4124 4128 4154 4378 4379 4630 4644 4765 4865 4980
28 58 186 190 284 496 639 844 1008 1064 1396 1402 1430 2161 2221 2352 2356 2376 2747 2764 3393 3611 3778 3919 4550
29 156 168 486 668 669 1064 1337 1483 1593 1600 1624 1719 1743 1936 2291 2420 2683 2714 2864 2996 3087 3095 3127 3184 3224 3379 3537 3576 3594 3674 3745 3958 4378 4424 4528 4655 4673 4733 4753 4852 4938 4961
30 783 793 901 958 1089 1109 1299 1377 1396 1483 1731 2208 2659 2764 2977 3226 3369 3378 3665 3669 3710 3760 3818 3846 4134 4322 4350 4556 4693
30 146 220 325 359 444 623 728 750 926 1289 1380 1513 1666 1715 1792 1794 2357 2573 2576 2599 2933 2985 3044 3131 3145 3150 3154 3238 3355 3378 3404 3516 3518 3587 3657 3704 3833 3975 4065 4241 4301 4464 4470 4546 4733 4824 4833 4903 4963 4986
30 170 201 264 305 346 419 434 464 512 682 725 760 823 908 1014 1019 1041 1046 1103 1134 1139 1295 1346 1402 1412 1515 1576 1595 1798 1849 1934 1935 2260 2360 2394 2484 2498 2752 2828 3059 3156 3200 3220 3301 3371 3393 3422 3492 3770 3868 4013 4026 4097 4110 4117 4153 4230 4278 4344 4394 4400 4627 4787 4801 4843 4923 4994
30 38 243 265 292 341 519 806 975 1091 1254 1261 1321 1334 1445 1533 1722 1725 1806 1992 2257 2599 3063 3173 3587 3753 4354 4382 4876 4980
31 52 63 78 203 293 359 404 406 420 510 517 555 592 715 727 922 962 1064 1282 1615 1655 1661 1880 1889 1904 1956 1960 2011 2024 2032 2053 2221 2331 2385 2438 2442 2595 2676 2764 2799 2895 3066 3068 3173 3208 3226 3241 3262 3269 3274 3364 3440 3651 3663 3678 3850 4090 4096 4121 4159 4167 4189 4211 4360 4378 4441 4507 4710 4716 4722 4769 4799 4907 4969
32 33 112 122 234 237 319 337 340 429 498 514 537 575 578 595 603 604 632 730 759 847 857 929 1064 1161 1188 1288 1303 1314 1416 1433 1442 1477 1527 1532 1545 1575 1601 1692 1721 1805 1983 1990 1993 2010 2221 2330 2481 2513 2558 2651 2811 2833 2893 2921 3075 3099 3156 3221 3254 3365 3393 3429 3499 3510 3644 3669 3741 3768 3897 4165 4173 4237 4315 4354 4402 4417 4452 4512 4519 4590 4628 4636 4859 4868 4894 4902 4931 4958 4974
33 52 58 71 85 94 112 143 365 489 1153 1189 1190 1211 1225 1248 1285 1292 1293 1312 1320 1347 1504 1517 1674 1828 1919 2030 2044 2278 2464 2614 2663 2720 2760 2828 2886 2902 3116 3243 3282 3479 3583 3676 3867 4072 4091 4169 4236 4243 4305 4495 4670 4710 4962 4966
33 68 169 222 233 872 1047 1107 1475 1560 2033 2048 2357 2498 2526 2533 2994 3185 3343 3387 3467 3492 3697 3703 3845 3853 3885 3895 3911 4045 4157 4200 4346 4359 4392 4437 4490 4649 4784 4790 4835
33 64 386 617 629 723 758 1098 1108 1150 1159 1233 1250 1424 2006 2099 2370 2698 3018 3195 3311 3387 3470 3507 3556 3891 4212 4269 4358 4563 4701 4721 4724 4802
33 49 62 247 274 309 445 1447 1642 1845 2204 2206 2273 2306 2436 2830 3276 3350 3459 3608 3628 3657 3837 3985 4000 4032 4133 4547 4653 4703
33 150 225 229 309 367 430 514 540 580 632 699 743 750 775 820 861 897 975 977 989 1010 1030 1066 1096 1257 1388 1454 1456 1476 1497 1655 1660 1958 2016 2098 2123 2124 2556 2617 2747 2799 2889 3053 3059 3190 3226 3324 3337 3550 3860 4037 4053 4081 4233 4243 4248 4271 4357 4439 4574 4622 4696 4713 4913 4925 4956 4976
33 51 121 133 145 242 284 340 346 408 445 446 461 690 713 850 982 1081 1143 1244 1565 1612 1638 1658 1710 1717 1765 1889 1919 1925 1951 2011 2070 2191 2237 2271 2290 2397 2445 2626 2732 2801 2828 3164 3193 3262 3286 3320 3324 3456 3502 3577 3713 3931 4000 4017 4085 4200 4258 4265 4412 4424 4597 4651 4662 4690 4811 4891 4906 4997
35 47 97 336 359 369 388 513 560 569 573 606 647 736 788 875 879 1025 1059 1060 1064 1065 1129 1155 1325 1402 1408 1441 1446 1520 1578 1590 1640 1717 1818 1911 2227 2266 2289 2379 2501 2517 2557 2591 2598 2606 2692 2902 3391 3422 3465 3514 3516 3542 3589 3591 3716 3721 3812 3836 3924 3973 4052 4207 4217 4293 4335 4386 4444 4531 4565 4605 4645 4661 4820
37 58 315 677 775 936 959 1188 1402 1517 1577 1622 1700 1709 1877 1967 2069 2128 2278 2296 2325 2688 3083 3243 3330 3393 3405 4410 4507 4733 4819 4854
38 319 340 440 470 504 728 820 986 1132 1155 1340 1483 1512 1583 1630 1677 2041 2102 2127 2289 2443 2545 2838 2994 3114 3313 3967 4535 4702
38 73 78 120 206 225 229 341 394 412 441 595 631 852 855 879 922 979 1028 1038 1190 1214 1328 1365 1483 1524 1535 1711 1827 1955 2098 2200 2305 2326 2354 2419 2660 2805 2812 2925 3005 3031 3102 3173 3174 3211 3215 3262 3634 3639 3662 3704 3725 3834 3978 4094 4156 4388 4391 4508 4559 4810 4966 4967
38 98 127 225 273 346 357 379 549 580 600 637 762 775 846 869 871 1138 1222 1311 1402 1439 1512 1528 1657 1668 1692 1699 1737 1796 1819 1904 2059 2081 2293 2339 2422 2457 2495 2634 2838 2879 2893 2933 3007 3182 3285 3308 3321 3473 3657 3715 3730 3747 3756 4166 4191 4211 4253 4287 4314 4357 4452 4640 4647 4698 4769 4775 4823 4891 4917 4928 4954 4966 4994
38 79 227 453 623 728 778 840 1006 1516 1665 1671 1738 1772 1792 1968 2207 2242 2337 2592 2627 2787 2865 2893 2902 3139 3227 3519 3533 3745 3819 3923 4191 4354 4510 4632
39 115 181 343 477 892 1136 1276 1317 2023 2070 2297 2415 2516 3637 3814 4150 4281 4352 4408 4413 4433 4508 4597
40 52 64 257 267 339 357 459 648 729 740 756 769 907 1076 1300 1536 1658 1721 1815 1927 1979 2087 2160 2163 2194 2236 2238 2259 2383 2480 2702 2724 2861 2890 3138 3237 3245 3252 3328 3459 3462 3654 3669 3814 3839 3904 3916 3919 3947 4105 4167 4234 4329 4379 4384 4539 4606 4807 4955 4984
42 112 485 490 802 941 1224 1334 1374 1892 1911 1939 2130 2477 2734 2852 3211 3413 3557 4170 4380 4406 4513 4907
43 283 395 412 442 487 601 708 793 893 1128 1147 1188 1376 1381 1479 1581 1832 1927 1968 2042 2070 2127 2294 2349 2415 2458 2797 2798 2883 3059 3142 3220 3266 3268 3359 3399 3441 3519 3645 3662 3669 3798 4129 4181 4287 4774 4898 4992
44 210 606 781 1108 1141 1220 1425 1469 1512 1635 1669 1890 2030 2310 2351 2458 3029 3062 3211 3525 3685 3980 4046 4125 4224 4385 4746 4912
45 50 230 385 575 671 975 1012 1243 1267 1318 1368 1383 1477 1590 1600 1687 1702 1721 1723 1816 2180 2293 2464 2545 2599 2649 2738 2883 3010 3098 3170 3173 3643 3662 3810 3854 4036 4234 4302 4507 4613 4630 4769
46 52 58 64 121 197 214 268 269 437 483 526 588 713 770 775 839 842 1070 1079 1108 1558 1565 1640 1648 1651 1664 1686 1765 1953 1968 2070 2087 2131 2205 2279 2353 2416 2428 2447 2456 2523 3055 3109 3152 3159 3276 3357 3373 3414 3451 3460 3611 3625 3640 3658 3681 3760 3867 3918 3993 4051 4081 4243 4274 4360 4556 4589 4682 4698 4699 4707 4739 4852 4883 4914
48 82 124 177 235 288 446 541 656 767 872 958 966 983 996 1012 1048 1155 1284 1356 1401 1453 1483 1501 1502 1524 1537 1630 1662 1670 1692 1723 1725 1787 1804 1898 1958 2040 2101 2105 2398 2469 2472 2488 2524 2537 2555 2592 2613 2744 2779 2822 2853 2889 2992 3042 3102 3149 3160 3174 3211 3568 3593 3795 3811 3883 3942 3948 3995 4054 4069 4153 4166 4183 4342 4442 4710 4732 4736 4759 4847 4848 4880 4883 4904 4907 4912 4993
52 279 294 450 524 793 1031 1346 1393 1511 1741 1765 1796 2030 2035 2218 2375 2576 2623 2694 2799 2843 2864 2936 3028 3131 3253 3284 3316 3432 3554 3736 3760 3806 3813 3986 4100 4212 4277 4503 4538 4597 4611 4643 4763 4847 4848 4876 4970 4973
52 68 303 497 818 873 1108 1694 1743 1772 1797 1892 2030 2065 2117 2127 2422 2485 2610 2702 2780 3472 3514 3799 3867 3970 4125 4210 4234 4357 4549 4826
55 93 222 321 469 560 576 586 595 739 835 1242 1324 1362 1472 1606 1609 1613 1628 1658 1848 1873 1875 1915 2075 2135 2376 2391 2480 2623 2624 2878 2908 2972 3099 3107 3121 3277 3470 3539 3755 3845 3868 3922 4012 4034 4059 4205 4380 4553 4556 4578 4664 4782 4788 4863 4869 4892 4916 4926 4966
58 394 424 671 754 840 844 845 874 1086 1418 1505 1730 1785 1822 1885 2023 2269 2293 2482 2576 2789 2829 3220 3584 4033 4099 4378 4696
58 306 487 611 641 732 883 1040 1073 1272 1682 1778 2179 2219 2221 2341 2347 2539 2754 2818 3174 3724 3869 4257 4448 4570 4652
58 229 410 455 778 844 1086 1303 1422 2368 2488 2639 2953 3071 3220 3243 3313 3558 3690 3745 3792 4035 4082 4208 4300 4798
60 1165 1180 1292 1360 1390 1429 1564 1565 1919 2180 2228 2248 2289 2292 2476 2508 3704 3745 3817 3852 3918 4217 4357 4787
64 167 259 457 478 620 622 655 767 796 977 1018 1322 1613 1685 1904 2211 2236 2274 2314 2331 2420 2461 2564 2859 2952 2985 3102 3160 3196 3200 3399 3569 3616 3641 3704 4073 4122 4200 4377 4394 4684 4808 4918 4927 4980
64 252 296 444 532 701 737 793 826 903 931 1037 1268 1339 1413 1553 1565 1583 1655 1658 1781 1784 1807 1907 2249 2367 2423 2444 2563 2738 2759 2923 2979 3076 3189 3208 3266 3329 3331 3519 3851 3855 3919 4006 4211 4303 4376 4440 4663 4773 4792 4821 4874
64 73 194 210 286 360 460 518 560 990 1015 1041 1097 1103 1168 1276 1311 1334 1373 1384 1583 1589 1613 1831 1867 1914 2000 2121 2313 2315 2321 2346 2360 2414 2548 2629 2678 2702 2738 2743 2778 3165 3230 3255 3428 3651 3745 3800 3914 3949 3989 4008 4032 4045 4121 4277 4281 4425 4476 4484 4522 4542 4604 4767 4773 4890
66 239 473 575 720 975 1072 1103 1581 1760 1766 1986 2071 2691 2829 2918 2941 3093 3122 3228 3326 3811 4082 4591
68 253 378 480 552 598 608 711 750 794 854 929 1167 1214 1250 1267 1399 1402 1413 1565 1573 1691 1700 1704 1725 1782 2030 2305 2376 2437 2439 2471 2476 2487 2522 2829 2944 2950 2960 3075 3132 3210 3266 3420 3424 3488 3614 3625 3645 3895 3968 4005 4030 4078 4118 4289 4433 4457 4474 4568 4683 4698 4874 4901 4922
68 259 271 309 330 579 618 628 693 784 786 859 982 1063 1182 1209 1318 1399 1477 1983 2098 2362 2738 2889 3313 3414 3607 3639 3894 4002 4333 4749
68 175 491 635 832 1271 1638 1786 1889 1932 2125 2476 2709 2829 2848 3400 3422 3505 3840 3996 4067 4096 4433 4471
68 98 105 205 488 494 501 575 609 750 851 903 920 1021 1214 1337 1364 1424 1426 1466 1474 1642 1723 1738 1768 1796 1924 1973 1996 2015 2049 2058 2241 2318 2514 2569 2592 2603 2619 2657 2677 2739 2821 2841 2961 3180 3221 3338 3352 3459 3465 3559 3587 3626 3786 3808 3847 3873 4009 4051 4207 4223 4360 4499 4507 4537 4544 4585 4607 4654 4731 4752 4829 4918 4929 4934 4952
68 119 221 425 452 550 1022 1042 1162 1469 1476 1647 1900 1911 1979 2305 2331 2703 2718 2776 3223 3230 3276 3304 4405 4439 4489 4630 4729 4848
69 98 309 319 330 357 616 626 652 672 698 702 745 766 786 796 829 868 990 1003 1015 1068 1250 1294 1441 1536 1600 1618 1654 1690 1729 1792 1840 1911 2012 2284 2310 2316 2355 2479 2520 2621 2678 2680 2764 2814 2838 2972 3006 3057 3086 3103 3238 3248 3261 3276 3309 3420 3491 3501 3514 3569 3601 3665 3689 3828 3872 3953 3967 4006 4038 4121 4160 4185 4207 4261 4354 4365 4440 4457 4479 4481 4543 4686 4700 4706 4713 4764 4847 4882 4883 4909 4925 4948
69 722 1486 1642 2126 2189 2302 2480 2636 2686 2850 3234 3235 3259 3315 3317 3522 3545 3808 3930 4004 4066 4351 4502 4525 4669 4696 4730
69 329 405 412 731 895 975 1141 1424 1485 1527 1619 1828 2081 2531 2608 2768 3099 3276 3587 3728 3814 3966 4077 4272 4292 4354 4630 4704 4980
69 364 376 473 557 559 569 613 685 686 870 879 971 1035 1190 1373 1419 1599 1610 1738 1895 1974 2151 2171 2222 2299 2438 2476 2540 2546 2574 2580 2593 2615 2675 2721 2786 2907 2994 3111 3284 3462 3632 3808 3813 3911 3967 4006 4187 4190 4198 4212 4308 4492 4557 4723 4845 4912
70 98 259 352 377 401 747 788 1039 1044 1176 1303 1558 1641 1693 1803 2127 2696 3356 3620 3810 3972 4207 4298 4325 4447 4590 4679 4789 4918
72 84 87 121 145 166 211 212 226 255 318 323 375 394 514 569 768 790 812 817 830 860 918 929 939 1016 1025 1045 1053 1059 1084 1110 1196 1236 1249 1362 1368 1370 1372 1403 1413 1421 1511 1579 1590 1646 1648 1680 1692 1723 1889 1950 1959 1975 1991 1995 2185 2195 2205 2214 2257 2310 2331 2360 2370 2372 2427 2661 2794 2851 2906 3003 3020 3070 3094 3184 3253 3342 3380 3393 3550 3559 3822 3845 3984 4000 4020 4096 4236 4378 4390 4635 4760 4777 4822 4833 4848 4889 4924
73 145 346 541 900 925 945 1131 1345 1403 1459 1643 1686 1759 1877 2236 2360 2371 2412 2774 3004 3019 3041 3102 3155 3290 3514 3655 3710 4010 4283 4360 4371
73 333 396 476 606 713 844 990 1057 1200 1330 1461 1574 1807 1874 2030 2087 2320 2420 2422 2637 2665 2827 2877 2933 2939 2992 3074 3220 3269 3492 3520 3569 3675 3677 3881 4049 4095 4110 4164 4228 4259 4265 4389 4421 4422 4456 4566 4610 4698 4833 4935 4980
73 76 148 180 304 1017 1093 1187 1250 1363 1413 1457 1583 1718 1911 2293 2427 2452 2530 2613 3446 3605 3832 4275 4379 4440 4538 4733
73 229 241 318 400 459 541 623 632 721 806 831 961 1103 1116 1182 1190 1214 1341 1346 1421 1436 1528 1604 1616 1655 1665 1742 1770 1807 1879 1897 1910 2008 2054 2071 2111 2126 2327 2357 2403 2462 2587 2650 2738 2743 2800 2838 2875 2905 2923 2990 2994 3041 3066 3134 3155 3156 3238 3278 3293 3404 3487 3495 3552 3778 3808 3865 3967 3982 4006 4032 4167 4219 4272 4277 4301 4384 4394 4469 4508 4527 4538 4570 4590 4600 4655 4695 4699 4769 4785 4796 4839 4876 4890 4925
75 188 199 208 289 947 1118 1441 1463 1503 1511 1522 1551 1642 1828 2004 2150 2301 2410 2536 2770 2771 2779 2889 2992 3174 3200 3404 3500 3508 3666 3777 3830 3931 4116 4143 4272 4314 4567 4713 4940 4980
77 121 560 751 1050 1155 1188 1489 1532 1585 2335 2498 2623 2674 2701 2917 3075 3157 3230 3411 3590 3611 3744 3900 4310 4384 4400 4457 4477 4520 4710
78 387 394 412 443 483 744 961 969 1062 1241 1270 1473 1857 1869 1877 1893 1901 2215 2233 2343 2345 2426 2488 2660 2678 2896 2926 2983 3102 3448 3550 3627 3749 3810 4001 4186 4207 4217 4277 4506 4643 4840
78 228 316 350 717 734 748 761 767 821 844 961 1004 1069 1276 1305 1337 1349 1369 1417 1421 1512 1527 1688 1700 1801 1853 1935 1954 1976 2026 2078 2132 2162 2181 2186 2257 2388 2446 2474 2554 2658 2808 2839 2854 2923 3012 3023 3030 3061 3081 3155 3201 3253 3338 3396 3430 3435 3477 3496 3553 3631 3645 3811 3889 3898 3920 4006 4110 4153 4172 4211 4277 4403 4572 4738 4742 4779 4852 4883 4887
78 121 250 431 446 474 775 782 796 841 853 903 923 1005 1015 1068 1302 1332 1334 1344 1517 1532 1536 1600 1707 1719 1734 1751 1758 1772 1777 1851 1883 1937 1978 1981 1998 2071 2098 2126 2257 2329 2332 2376 2403 2406 2418 2427 2462 2578 2747 2914 2943 3022 3066 3141 3218 3226 3275 3280 3327 3381 3452 3651 3766 3863 3976 4063 4088 4153 4265 4326 4359 4486 4571 4596 4627 4631 4791 4851
83 208 427 558 560 693 717 733 786 983 1056 1373 1519 1583 2081 2188 2190 2281 2283 2338 2395 2420 2502 2633 2656 2975 3008 3056 3136 3212 3264 3387 3393 3422 3447 3561 3764 3809 3878 3890 4019 4042 4366 4530 4696 4891
88 267 394 460 806 890 921 943 1103 1235 1362 1448 1490 1524 1894 2036 2357 2528 2785 2846 2901 2958 3151 3333 3338 3445 3479 3737 4854
90 208 222 327 341 344 347 717 1277 1396 1403 1736 1792 2068 2070 2153 2247 2286 2370 2669 2685 2900 3117 3250 3353 3399 3432 3587 3796 3953 4085 4226 4248 4555 4560 4666 4814 4847 4858 4895
95 251 355 444 610 728 1399 1420 1435 1470 1483 1528 1555 1600 1613 2348 2377 2453 2790 2817 2923 3651 3654 3669 3710 3718 3842 3884 3941 4011 4051 4149 4191 4220 4404 4590 4844
96 208 282 340 354 459 663 728 789 894 906 940 983 1054 1058 1121 1141 1344 1396 1532 1542 1608 1638 1677 1899 1999 2014 2057 2067 2268 2310 2420 2427 2458 2568 2599 2646 2812 2860 2927 2994 3066 3230 3262 3284 3306 3338 3463 3479 3550 3551 3705 3824 4096 4167 4197 4243 4272 4375 4379 4384 4608 4780 4787 4842 4905 4925 4937
97 224 632 735 828 847 1068 1072 1386 1539 1649 1658 1919 1979 2046 2088 2510 2674 2700 3002 3186 3339 3469 3665 3683 3801 3903 4056 4110 4207 4354 4609 4754 4781 4805 4842
97 138 309 341 412 459 468 539 548 616 674 767 779 813 843 922 955 958 1041 1130 1137 1165 1197 1250 1267 1334 1366 1407 1476 1478 1570 1629 1738 1796 1889 1931 1981 2010 2035 2246 2304 2310 2357 2415 2522 2592 2618 2754 2843 2883 2931 2933 2940 3016 3126 3182 3217 3261 3319 3470 3492 3515 3517 3559 3620 3717 3808 3810 3911 3957 4050 4055 4093 4166 4238 4267 4322 4327 4357 4360 4372 4397 4457 4469 4556 4570 4593 4625 4671 4709 4798 4849 4881 4900 4949 4966 4985
97 454 788 1181 1592 1963 2010 2049 2052 2066 2295 2399 2484 2613 2743 2753 2844 3041 3123 3295 3415 3478 3778 3925 3981 4005 4153 4384 4598 4616
97 159 838 1476 1790 1833 2004 2311 2382 3058 3270 3438 3455 3514 3673 3772 3918 3999 4006 4207 4842
97 233 261 500 535 952 1169 1403 1602 2010 2459 2522 2757 3479 3550 3782 3814 3868 3895 4270 4643 4891
98 183 225 606 713 717 788 1362 1549 1906 1989 1997 2769 2792 2867 2912 2972 3262 3366 3471 3829 3961 4166 4231 4232 4301 4314 4468 4532 4668 4848
98 267 446 473 483 487 602 676 693 833 835 958 961 1080 1119 1171 1229 1234 1256 1267 1319 1342 1409 1469 1536 1656 1659 1671 1738 1743 1842 1892 1958 1968 2004 2236 2264 2267 2413 2463 2572 2579 2585 2591 2682 2755 2780 3171 3367 3401 3402 3432 3559 3564 3639 3645 3720 3738 3748 3783 3813 3843 3867 3901 3936 3955 4040 4162 4203 4281 4380 4394 4430 4446 4449 4508 4528 4588 4627 4846 4925 5000
99 278 570 738 889 903 1182 1281 2060 2192 2390 2584 2674 2690 2828 2857 2972 3144 3209 4024 4121 4332 4942
100 651 681 713 812 835 977 1148 1188 1278 1352 1368 1375 1443 1563 1692 1721 1806 1813 1828 1927 1958 1981 2049 2098 2127 2229 2237 2278 2360 2473 2490 2545 2570 2655 2799 2824 2863 2872 2928 2985 3041 3130 3433 3487 3567 3589 3626 3657 3750 3758 3849 3911 4039 4084 4309 4311 4322 4439 4469 4519 4617 4761 4888 4920 4978
101 380 529 541 583 717 826 1108 1276 1635 1714 1765 1806 2087 2113 2201 2522 2613 2679 2780 2812 3075 3384 3465 3514 4153 4439 4594 4733 4907
102 112 141 142 210 348 394 407 411 473 493 495 521 581 589 667 791 840 1123 1155 1437 1511 1712 1743 1755 1905 1909 1922 1929 1935 2080 2103 2305 2534 2631 2707 2862 2868 2885 2969 3102 3123 3257 3261 3484 3596 3764 3778 3911 4085 4209 4370 4711
103 123 172 445 518 872 1378 1653 1686 1859 1889 2242 2480 2653 2740 2838 2869 3160 3243 3266 3988 4407 4519 4528 4991
106 144 231 236 543 616 626 653 726 886 1011 1024 1112 1217 1250 1318 1942 1983 2115 2303 2360 2434 2475 2476 2488 2521 2592 2743 2967 2998 3173 3184 3211 3262 3324 3490 3503 3516 3565 3611 3645 3928 3953 3960 4081 4440 4473 4483 4511 4528 4692 4720 4798 4890
107 311 546 626 807 938 1158 1182 1267 1391 1527 1583 1584 1607 1613 1658 1684 1834 1860 2045 2069 2323 2549 2953 3009 3039 3230 3432 3856 3921 4005 4045 4281 4303 4496 4783 4816 4891
108 460 584 778 1183 1241 1285 1495 1528 1884 1904 2226 2432 2476 2498 2544 2581 3040 3470 3534 3559 3651 3766 3967 4191 4254 4357 4683 4699 4726
112 187 233 309 506 575 649 678 687 693 922 982 1015 1193 1215 1241 1294 1368 1403 1440 1588 1877 2205 2448 2458 2491 2576 2613 2687 2779 3023 3046 3082 3155 3173 3179 3220 3221 3238 3258 3299 3328 3459 3519 3776 3849 3870 3906 4162 4167 4214 4294 4299 4508 4564 4676 4696 4715 4991 4994
112 137 267 324 458 459 462 484 538 646 932 978 1257 1292 1311 1362 1423 1739 2025 2317 2390 2415 2451 2545 2560 2829 2966 3123 3184 3200 3226 3262 3387 3516 3710 3781 3826 4280 4452 4620 4643 4717 4773
112 125 308 466 509 776 1000 1012 1307 1351 1396 1725 2209 2539 2866 2947 3420 3422 3443 3461 3479 3647 4323
116 142 318 390 481 741 1025 2157 2235 2381 2777 2993 3120 3276 3294 3470 3625 3701 4044 4303 4942
118 129 226 679 1802 2180 2409 2411 2438 2494 2779 2843 3377 3684 3827 3849 3967 4221 4424 4515 4519 4595 4640 4991
121 160 233 340 370 490 539 551 580 657 797 816 954 977 983 1086 1105 1165 1195 1289 1400 1441 1565 1642 1681 2020 2081 2104 2127 2236 2257 2764 2766 2897 3066 3115 3182 3303 3318 3410 3580 3682 4145 4263 4655 4660 4732 4879
121 193 358 516 553 826 877 903 915 917 956 983 1059 1068 1083 1221 1344 1368 1399 1406 1548 1598 1600 1640 1671 1721 1789 1796 1858 1887 1988 2072 2255 2285 2312 2376 2390 2539 2660 2844 2887 2922 3011 3072 3166 3289 3351 3516 3571 3600 3669 3760 3791 3820 3918 3953 4005 4068 4175 4439 4457 4587 4619 4640 4641 4743 4838 4864 4867 4933
132 319 359 398 511 571 767 801 1094 1170 1449 1532 1633 1652 1673 1748 1941 1958 2253 2265 2458 2613 2648 2695 2722 2743 2864 2970 2985 3307 3354 3449 3527 3623 3625 4045 4113 4166 4337 4488 4655 4853 4876
134 272 334 460 624 972 1163 1476 1686 1717 1754 1764 1876 2992 3266 3399 3416 3470 3638 3825 3954 3974 4096 4581
135 185 193 226 361 371 412 483 580 591 775 888 980 1125 1165 1477 1663 2069 2258 2309 2427 2454 2550 2553 2591 2622 2842 2864 2919 2933 2962 2963 3034 3238 3313 3740 3813 3979 4121 4136 4919
142 208 473 879 1357 1373 1518 1695 1877 2074 2076 2127 2280 2465 2843 3075 3202 3390 3569 3597 3604 3774 3857 4007 4022 4162 4273 4290 4508
145 173 225 359 487 755 806 942 990 1273 1532 1536 1635 1796 1843 1854 2081 2082 2293 2429 2660 2747 2791 2799 2844 2995 3208 3243 3300 3412 3432 3479 3521 3526 3671 3692 3892 3895 3918 3953 4079 4191 4193 4240 4556 4732 4832 4947
145 282 413 465 973 1067 1310 1623 1632 1648 1799 1892 2013 2084 2415 2518 2594 2765 2930 3047 3123 3284 3386 3524 3633 3778 3802 4260 4272 4416 4582 4740
145 154 195 209 313 412 433 541 571 616 693 788 796 974 987 1029 1034 1111 1114 1135 1250 1266 1296 1316 1334 1361 1379 1427 1511 1590 1638 1746 2031 2145 2294 2366 2370 2420 2449 2504 2588 2605 2727 2761 2903 2934 2938 2956 2989 3027 3129 3167 3184 3206 3323 3459 3464 3572 3626 3679 3733 3759 3764 3766 3804 3808 3845 3871 3893 3902 3915 4132 4236 4282 4655 4710 4713 4794 4815 4848 4866 4883 4890 4953 4989
147 193 235 366 373 569 571 772 775 812 958 991 1255 1329 1373 1403 1581 1638 1716 1727 1807 1828 2272 2582 2984 2992 3092 3158 3211 3230 3269 3271 3340 3465 3657 3706 3739 3946 4121 4137 4200 4212 4318 4472 4771 4847 4942 4982
149 193 216 226 301 330 416 490 731 749 1003 1160 1177 1251 1546 1706 1713 1717 1828 1865 1935 1981 2370 2647 2674 2684 3253 3338 3431 3462 3550 3686 3745 3752 3810 3838 4048 4423 4569 4640 4734 4854 4959
151 182 225 432 436 508 722 771 840 848 865 899 1092 1675 1775 1806 1871 1965 2069 2167 2244 2364 2674 3156 3475 3610 3660 3861 4005 4167 4394 4485 4570
152 595 876 1166 1190 1259 1267 1872 2137 3066 3465 3482 3543 3629 3639 3771 3811 3931 4051 4360 4529 4698
162 596 1003 1009 1101 1561 1720 1738 1812 1983 2488 2519 2728 2915 2988 3055 3200 3214 3563 3764 3877 3919 4191 4206 4249 4251 4709
165 616 634 654 712 835 1267 1333 1415 1510 1613 1688 1719 1806 1891 1958 1972 2061 2310 2611 2623 2670 2725 2737 2837 2858 2973 3038 3197 3229 3297 3338 3392 3620 3905 4081 4102 4262 4458 4681 4773
174 262 391 544 671 731 793 804 820 879 922 965 968 1072 1086 1090 1115 1151 1172 1289 1432 1559 1701 1708 1747 2010 2392 2396 2678 2913 2923 2972 3153 3540 3570 3654 3688 3848 4051 4071 4081 4312 4451 4528 4556 4576 4696 4842 4854
176 351 619 695 822 849 872 881 1154 1257 1476 2155 2300 2415 2509 2609 3089 3251 3256 3269 3476 3487 3626 3645 3775 3931 4321 4334 4509 4526 4570 4668 4709 4833 4912
179 642 709 750 1095 1315 1525 2073 2106 2278 2575 2712 2735 2823 2933 3001 3238 4082 4123 4184
184 217 259 599 623 750 808 820 961 1015 1025 1026 1049 1088 1155 1245 1411 1527 1530 1581 1728 1773 1855 1923 1981 2050 2082 2159 2231 2522 2545 2632 2762 2782 2923 2953 3055 3079 3118 3182 3370 3372 3378 3493 3639 3875 3931 4086 4114 4265 4287 4383 4452 4462 4508 4745 4778 4803
191 245 435 490 507 594 778 826 1012 1072 1214 1241 1337 1482 1935 2118 2240 2422 2576 2810 2842 3091 3313 3344 3414 3702 3742 3813 3879 3896 4076 4177 4213 4284 4577 4630 4732
192 438 1173 1200 1232 1303 1326 1424 1428 1469 1625 1723 1962 2037 2282 2576 2697 2965 3055 3393 3895 3959 3965 4064 4234 4516 4603
193 235 527 774 961 988 1059 1203 1344 1405 2035 2660 2889 2997 3102 3345 3383 3566 3787 4107 4125 4359 4518 4538
193 263 473 547 582 626 862 1103 1182 1289 1527 1597 1725 1896 2082 2402 2438 2492 2538 2754 2758 2772 2795 2889 2968 3123 3225 3544 3723 3810 3859 3899 4000 4028 4047 4162 4287 4322 4431 4460 4650 4994
193 280 539 977 999 1003 1023 1208 1252 1460 1582 1603 1611 1719 1752 1930 1981 2169 2799 2809 2843 2971 2991 3099 3133 3328 3361 3492 3497 3528 3722 3746 3910 4096 4104 4155 4211 4378 4401 4630 4800 4817 4830 4972
202 218 235 238 593 632 707 826 1059 1085 1337 1358 1469 1492 1512 1569 1590 1671 1688 1703 1829 1968 2278 2462 2512 2596 2754 2842 2843 2935 3055 3137 3414 3662 3764 3867 4265 4281 4291 4307 4314 4373 4394 4478 4538 4614 4728 4797 4856 4874 4886
208 318 357 380 381 399 661 993 1032 1362 1476 1581 1590 1671 1810 2039 2071 2158 2182 2468 2589 2838 2953 3051 3236 3664 3676 3727 4110 4162 4199 4380 4427 4573 4637 4719 4725
215 847 992 1103 1227 1606 1916 1968 2257 2424 2625 2756 3200 3465 3704 3956 4016 4032 4428 4733
222 295 536 660 752 1117 1194 1346 1635 1672 1904 1968 2070 2254 2932 3437 3481 3814 4005 4357 4501 4699 4710
222 276 277 328 472 523 569 615 810 867 910 1020 1191 1213 1274 1983 2310 2380 2602 2892 3287 3639 4131 4162 4424 4665 4709
226 244 275 447 575 691 812 1041 1290 1292 1421 1441 1468 1796 1825 1966 2011 2134 2236 2287 2389 2478 2726 2780 2840 3023 3156 3284 3328 3550 3621 3650 3917 4027 4434 4713 4798
229 318 330 363 670 706 786 809 1012 1068 1077 1087 1218 1346 1354 1382 1385 1434 1562 1571 1665 1677 1686 1692 1721 1772 1881 1919 2004 2116 2149 2232 2358 2671 2743 2764 2796 2812 2893 2909 2946 3162 3181 3226 3261 3267 3399 3414 3487 3535 3654 3656 3762 3943 4045 4138 4301 4303 4322 4433 4467 4507 4556 4621 4697 4732 4737 4836 4876 4910 4998
229 571 684 689 1052 1155 1371 1396 1500 1581 1630 1642 1740 1830 2119 2488 2953 3060 3815 4085 4166 4698
254 384 713 785 975 1102 1688 1723 2126 2148 2342 2458 2748 3100 3404 3459 3620 3624 4217 4248 4355 4420 4438
258 446 574 595 606 627 671 805 820 963 1338 1368 1387 1399 1404 1580 1683 1725 1824 1904 1921 1948 1964 1994 2136 2221 2390 2738 2844 2974 3090 3099 3112 3192 3216 3253 3284 3387 3398 3492 3546 3654 3766 3952 4106 4234 4236 4287 4469 4727 4773 4854 4891 4957
281 961 1294 1807 1817 1882 1892 1911 1987 2239 2623 2674 3261 3487 3785 3895 3912 4081 4419 4852 4991
297 320 444 518 580 688 840 944 1106 1164 1262 1294 1852 2142 2535 2601 2747 2779 2836 2916 3232 3432 3509 3559 3589 3620 3919 4394 4575 4618
312 317 439 473 499 605 827 913 1041 1072 1230 1241 1327 1362 1523 1529 1594 1640 1677 1724 1743 1809 1917 2009 2029 2170 2242 2243 2408 2623 2654 2674 2742 2754 2802 3378 3427 3587 3606 3620 3665 3695 3766 4032 4062 4087 4126 4127 4319 4367 4769 4787 4854 4983
314 382 664 792 990 1001 1012 1188 1350 1367 1558 1902 2085 2221 2322 2331 2660 2667 2825 3054 3146 3184 3376 3562 3573 3611 3735 3953 4051 4130 4188 4227 4255 4378 4379 4424 4708 4793 4848 4885 4890 4918
330 514 568 778 1061 1072 1192 1323 1337 1413 1765 1949 2082 2129 2365 3324 3387 3523 3659 4243 4277 4942
330 428 697 858 1140 1511 2017 2270 2415 2425 2681 2803 2893 3023 3045 3050 3183 3310 3328 3926 3977 4092 4217 4362 4528 4659 4854
335 563 780 1467 1642 2077 2082 2507 2640 2847 3059 3106 3178 3182 3462 3511 3808 3990 4272 4295 4379 4538 4833 4847 4994
338 567 714 847 903 1068 1127 1206 1311 1335 1389 1524 1526 1635 1665 1686 1688 1700 1756 1774 1788 1864 1920 2081 2139 2205 2261 2277 2293 2386 2422 2440 2571 2645 2775 2871 2954 2959 3085 3516 3560 3626 3803 3806 3807 3823 3849 4000 4121 4296 4314 4347 4400 4440 4453 4497 4627 4699 4718 4732
346 612 731 835 856 922 929 935 970 1178 1738 1792 1835 1850 2063 2168 2344 2401 2480 2630 2678 2816 2929 2985 3143 3263 3273 3418 4003 4524 4570 4597 4633
353 630 778 1199 1275 1287 1355 1550 1630 1743 2210 2403 2417 2431 2831 2949 3204 3341 3368 3582 3617 3646 3676 3691 3780 3950 3971 4359 4452 4579 4627 4772
357 372 515 572 905 1238 1285 1480 1688 2730 2902 3222 3266 3470 3587 3794 4021 4153 4202 4272 4328 4534
357 995 1185 1212 1239 1477 1983 2004 2049 2298 2484 2496 2515 2591 2599 2829 2953 2987 3059 3065 3160 3498 4111 4316 4643
446 482 541 621 665 977 1240 1868 2018 2021 2062 2140 2147 2597 3176 3548 3615 3642 3649 3680 3874 4082 4158 4168 4242 4374 4387 4443 4677
459 502 616 650 671 916 1200 1279 1368 1487 1511 1524 1639 1677 1717 1979 2023 2038 2183 2242 2427 2559 2672 3105 3220 3619 3625 3657 3676 3760 4109 4217 4256 4795
483 946 1182 1200 1940 2011 2089 2223 2464 3032 3064 3182 3211 3221 3332 3611 3811 3845 3849 4089 4533
518 531 700 750 788 815 847 872 904 990 1025 1075 1120 1481 1524 1536 1648 1717 1723 1761 1792 1793 1841 1861 1904 1927 2094 2202 2203 2288 2331 2462 2699 2738 2763 2820 2882 2953 3075 3155 3334 3458 3466 3766 3814 3821 4266 4343 4356 4452 4683 4698 4921
580 777 1071 1145 1344 1606 1689 2212 2393 2842 2864 2899 3080 3247 3618 3764 3864 3908 4110 4218 4268 4435
