1 24 65 182 194 224 237 292 396 469 523 597 599 692 760 907 969 1028 1039 1110 1202 1209 1212 1239 1318 1414 1432 1458 1478 1487 1642 1645 1726 1732 1814 1973 2086 2114 2125 2207 2375 2580 2807 2840 2896 2910 2986 2996 3078 3164 3216 3270 3315 3339 3466 3525 3556 3566 3628 3941 3965 4042 4049 4058 4083 4103 4115 4144 4213 4364 4370 4428 4477 4488 4509 4587 4857 4918
2 290 349 363 459 464 469 480 487 532 538 736 761 767 818 944 975 1006 1064 1109 1313 1370 1489 1513 1526 1606 1648 1658 1732 1903 1983 2011 2019 2028 2078 2152 2292 2315 2319 2321 2327 2560 2562 2570 2740 2843 2942 2986 3110 3367 3387 3409 3436 3506 3529 3549 3563 3638 3677 3702 3764 3794 3829 3853 3867 3874 3887 3888 3977 3994 4058 4112 4155 4257 4323 4326 4360 4458 4459 4507 4533 4550 4578 4612 4632 4645 4658 4795
3 132 179 190 278 296 377 428 490 533 619 623 680 768 904 905 906 952 989 1039 1139 1182 1308 1413 1469 1683 1719 1829 1840 1859 1870 1984 2082 2190 2210 2280 2594 2596 2605 2759 2792 2819 2867 2920 3018 3193 3206 3312 3321 3399 3558 3574 3601 3636 3670 3733 3748 3858 3917 4081 4104 4122 4129 4135 4158 4226 4251 4305 4314 4362 4646 4691 4705 4767 4806 4807 4812 4842 4963 4980 4998
4 27 61 105 138 284 361 492 536 709 756 797 850 1117 1176 1188 1282 1329 1384 1449 1460 1553 1629 1844 1889 1895 2031 2141 2158 2170 2201 2326 2378 2426 2430 2435 2446 2561 2718 2735 2811 2831 3030 3031 3054 3100 3133 3302 3512 3537 3640 3727 3735 3753 3837 3840 4225 4282 4439 4509 4513 4554 4645 4842 4897 4913 4993 4999
5 337 404 853 1020 1199 1200 1318 1486 1574 1639 1737 1877 2291 2339 2698 2768 2804 2843 2912 3041 3207 3222 3410 3591 3682 3719 4272 4313 4367 4429 4585 4607 4716 4817 4946
6 199 413 469 609 746 757 762 806 817 846 851 1001 1261 1303 1363 1627 1759 1767 1853 2156 2330 2342 2405 2434 2513 2594 2822 2828 3008 3326 3377 3405 3531 3547 3578 3733 3797 3915 4068 4172 4175 4448 4697 4703 4713 4719 4885 4905
6 94 107 150 200 372 457 492 510 733 773 834 838 862 865 909 922 968 1028 1103 1111 1150 1187 1252 1328 1398 1399 1421 1450 1639 1657 1755 1776 1787 1886 2256 2424 2473 2499 2554 2559 2590 2600 2699 2782 2961 3094 3191 3232 3324 3327 3367 3397 3461 3474 3593 3637 3855 3937 3940 4058 4242 4263 4286 4303 4319 4333 4349 4456 4491 4527 4550 4571 4580 4622 4641 4778 4799 4876 4921 4962 4975
6 79 319 359 472 579 757 857 911 1078 1082 1404 1411 1481 1568 1617 1631 1911 1920 1995 2136 2161 2234 2310 2311 2346 2445 2491 2656 2661 2778 2895 2902 3074 3146 3182 3260 3446 3493 3908 3938 3947 3985 4356 4436 4563 4614 4702 4751 4923 4994
6 18 62 66 128 225 340 687 771 831 1040 1077 1467 1561 1604 1657 1890 1929 1956 1988 2021 2054 2646 2655 2695 2707 2927 3070 3121 3211 3234 3502 3565 3794 3861 3886 3965 3996 4146 4413 4538 4557 4656 4844 4965 4991
6 48 79 85 145 314 333 376 464 493 505 533 575 843 936 949 970 1052 1069 1167 1193 1311 1324 1489 1678 1731 1735 1739 1923 1985 2038 2072 2338 2365 2431 2487 2729 2926 2946 2972 3006 3350 3474 3649 3715 3741 3749 3864 3868 3885 3906 3955 4025 4206 4212 4299 4311 4413 4433 4521 4526 4569 4576 4651 4687 4723 4732 4735 4772 4854 4858 4993 5000
7 253 393 422 479 552 1072 1604 1607 2033 2070 2402 2732 3068 3145 3297 3434 3759 3876 3916 4115 4426 4857
8 47 83 184 351 404 413 448 643 675 734 741 799 942 953 977 1166 1245 1247 1257 1262 1621 1624 1629 1632 1643 1714 1735 1802 1810 1871 1879 1969 1990 2008 2037 2161 2184 2303 2334 2503 2549 2552 2571 2584 2624 2713 2744 2753 2879 3066 3122 3139 3221 3299 3362 3382 3489 3676 3728 3749 3793 3871 3915 3931 4017 4176 4189 4273 4320 4472 4625 4747 4759 4797 4805 4860 4867 4870 4891 4926 4961
9 15 18 28 45 68 402 423 444 591 637 662 673 793 844 877 1051 1096 1103 1110 1144 1175 1323 1325 1544 1586 1728 1787 1802 1937 2040 2070 2080 2082 2116 2152 2164 2179 2259 2261 2389 2513 2574 2618 2642 2661 2691 2725 2732 2758 2845 2926 3026 3031 3059 3095 3252 3293 3299 3319 3330 3334 3514 3577 3600 3623 3633 3734 3762 3789 3794 3914 4043 4054 4069 4107 4187 4199 4277 4342 4357 4409 4476 4634 4697 4712 4874 4888 4941
10 111 146 160 205 266 311 312 370 396 442 552 581 610 636 638 768 796 854 864 868 869 922 933 1076 1080 1120 1257 1307 1324 1365 1369 1400 1404 1676 1724 1791 2074 2079 2162 2206 2227 2279 2285 2297 2317 2479 2503 2597 2671 2717 2736 2756 2783 2872 3029 3087 3351 3380 3511 3594 3607 3726 3779 3824 3861 3876 3905 4027 4197 4287 4508 4509 4550 4587 4610 4697 4785 4846 4847 4855
11 194 600 733 737 863 916 974 1150 1288 1537 1571 1974 2678 2804 2971 3186 3424 3497 3572 4087 4253 4439 4519 4595
12 143 210 300 316 372 704 1010 1231 1243 1602 1907 1955 1994 2155 2248 2370 2631 2799 2809 3102 3168 3475 3814 3879 3933 3975 4003 4067 4180 4241 4440 4498 4623 4663 4864 4975
13 171 184 326 675 804 840 867 1180 1210 1251 1452 1782 1993 2230 2268 2349 2495 2587 2629 2840 2968 3007 3072 3108 3299 3305 3517 3588 3721 3725 3743 3782 3783 3828 3832 3951 4052 4108 4495 4575 4665 4812 4832 4908
14 18 52 87 107 149 164 450 738 825 1063 1127 1138 1150 1231 1287 1301 1336 1392 1670 1680 1788 1841 1861 1911 1950 2108 2116 2146 2308 2425 2432 2485 2589 2656 2820 2842 2927 2938 2993 3021 3034 3129 3194 3312 3331 3374 3580 3697 3700 3740 3812 4096 4122 4282 4383 4475 4477 4506 4515 4679 4768 4929 4963
16 110 115 136 175 404 468 724 754 853 1090 1328 1376 1429 1448 1593 1622 1728 1762 1907 1925 2000 2103 2145 2159 2479 2499 2702 2763 2890 2926 2970 3268 3311 3312 3346 3437 3539 3810 3857 4040 4097 4358 4394 4460 4505 4563 4583 4633 4736 4825 4986
17 81 169 366 456 500 676 718 849 887 1032 1083 1091 1131 1519 2085 2118 2119 2620 2649 2689 2697 2966 3098 3111 3568 3703 3734 3820 4020 4059 4206 4252 4373 4394 4504 4570 4601 4615 4657 4816 4896 4911 4993
18 27 101 497 568 603 686 1100 1337 1658 2141 2151 2193 2227 2481 2569 2635 2851 2986 3130 3464 3603 3628 3656 3686 3734 3839 4170 4205 4315 4349 4989
18 323 370 375 478 538 580 663 705 740 802 874 948 1257 1412 1432 1547 1648 1791 1802 1893 1947 2301 2309 2354 2634 2645 2833 2860 2913 2964 3356 3418 3438 3622 3704 3779 4028 4107 4122 4340 4839 4909 4947
19 41 56 95 209 497 515 749 815 842 892 901 913 990 1172 1190 1231 1267 1309 1318 1388 1509 1514 1531 1541 1579 1602 1617 1619 1696 1719 1732 1741 1763 1780 1842 2056 2093 2108 2156 2191 2196 2209 2335 2410 2459 2577 2764 2801 2830 2860 2999 3000 3024 3038 3057 3076 3146 3277 3358 3396 3403 3495 3515 3525 3574 3601 3609 3708 3768 3791 3793 3818 3876 3898 3966 3992 4121 4219 4317 4419 4422 4430 4477 4481 4509 4534 4632 4669 4709 4802
20 224 306 425 702 709 786 841 967 973 1053 1103 1298 1399 1495 1546 1627 1735 1747 1823 1867 1998 2004 2109 2124 2163 2406 2439 2602 2723 2741 2781 3048 3102 3180 3188 3230 3350 3502 3534 3805 3809 3871 3993 4220 4237 4294 4296 4322 4432 4453 4464 4527 4643 4645 4702 4823 4914 4970
21 34 93 109 111 145 153 318 369 416 427 540 572 628 637 753 768 860 917 943 950 973 993 1015 1084 1119 1140 1155 1189 1244 1331 1462 1534 1565 1627 1743 1770 1938 1955 2271 2311 2345 2397 2464 2479 2490 2615 2699 2751 2802 2885 2950 3005 3088 3189 3328 3403 3467 3493 3496 3636 3679 3680 3701 3713 3731 3790 3842 3843 3908 3969 3982 3993 4001 4042 4045 4105 4338 4361 4421 4442 4474 4486 4503 4556 4706 4709 4785 4810 4834 4968 4976
22 74 128 158 511 763 1031 1212 1322 1324 1344 1415 1523 1542 1572 1583 1773 1873 1960 2144 2468 2738 2755 2764 2788 3007 3062 3134 3412 3570 3774 3847 3902 4002 4210 4239 4387 4436 4452 4626 4774 4811
23 39 82 282 304 316 448 461 470 574 630 757 785 868 985 1091 1212 1218 1273 1434 1640 1956 1971 1983 1994 2159 2209 2231 2370 2404 2457 2493 2503 2513 2542 2574 2821 2849 2887 2984 3345 3413 3415 3444 3613 3645 3910 3965 4044 4076 4136 4247 4259 4305 4342 4459 4460 4469 4541 4594 4766 4796 4822 4874 4910 4995
25 106 399 607 683 852 1145 1195 1205 1538 1591 1707 1976 1996 2005 2154 2528 2680 3088 3260 3507 3632 3674 3705 4065 4527 4561
26 107 126 174 182 183 186 208 262 316 409 460 566 573 589 779 809 824 945 965 984 995 1001 1043 1099 1129 1191 1222 1271 1338 1342 1394 1404 1425 1447 1468 1496 1543 1557 1784 1785 1800 1935 1945 1947 1952 1974 1980 2037 2186 2274 2419 2546 2573 2608 2629 2633 2654 2790 2872 2958 3118 3146 3497 3573 3604 3644 3749 3816 3850 3897 3908 3971 3989 4054 4226 4263 4311 4314 4317 4324 4373 4459 4530 4546 4586 4622 4655 4673 4706 4880 4924 4933 4970 4989 4991
27 79 133 247 324 356 552 917 944 1280 1467 1559 1614 1648 1871 2037 2307 2368 2393 2395 2587 2629 2765 3430 3456 3482 3554 3702 3870 4032 4073 4393 4451 4521 4657 4726
27 55 72 126 265 286 397 429 436 460 484 506 546 675 750 853 955 1044 1077 1176 1183 1208 1220 1279 1284 1306 1343 1482 1622 1654 1728 1755 2037 2225 2300 2324 2329 2377 2455 2458 2529 2572 2578 2673 2681 2769 2786 2832 2948 2970 3081 3175 3229 3256 3314 3403 3478 3574 3731 3734 3831 3877 3900 3964 4038 4077 4082 4093 4117 4224 4233 4314 4607 4648 4702 4716 4718 4760 4776 4823 4903 4924
27 123 400 449 587 596 600 709 720 833 964 1032 1034 1045 1056 1077 1094 1132 1345 1383 1437 1452 1574 1588 1632 1747 1762 1830 1917 2082 2267 2272 2339 2343 2370 2465 2470 2776 2974 2984 3050 3059 3108 3236 3282 3337 3422 3465 3521 3815 3861 3919 3949 4008 4055 4128 4181 4188 4315 4361 4389 4437 4524 4597 4598 4631 4707 4716 4734 4752 4795 4822 4828 4867 4901 4908
29 46 80 173 190 258 464 466 538 554 577 613 627 631 786 900 1029 1158 1186 1205 1345 1374 1507 1519 1522 1571 1610 1683 1743 1755 1821 1918 1954 1978 2030 2036 2037 2045 2085 2143 2152 2209 2227 2280 2294 2320 2362 2421 2439 2466 2621 2686 2699 2734 2899 2905 2936 2941 2969 2997 3350 3414 3486 3492 3513 3563 3623 3652 3663 3665 3668 3737 4033 4096 4111 4164 4181 4306 4323 4411 4472 4628 4887 4940 4949 4954 4975
30 89 127 274 310 699 972 1064 1203 1294 1582 1728 1792 1799 2202 2219 2349 2653 2904 2939 3265 3484 3808 3873 3891 4053 4079 4301 4436 4474 4690 4914
31 87 200 206 226 388 440 442 449 487 527 545 582 668 672 712 860 898 940 961 978 1057 1166 1217 1235 1238 1312 1328 1365 1406 1418 1460 1738 1829 1875 1885 1942 1994 2131 2335 2339 2349 2423 2455 2479 2520 2585 2659 2669 2749 2812 2869 2955 2983 2998 3063 3069 3084 3156 3212 3228 3353 3354 3367 3457 3508 3574 3579 3715 3732 3749 3852 3863 3912 3966 3970 3972 4026 4131 4198 4331 4439 4465 4560 4563 4669 4744 4774 4889 4924 4936 4945 4962 4973 4989
32 107 121 228 534 602 606 696 735 764 765 777 809 944 1032 1036 1093 1395 1435 1444 1508 1578 1710 1752 1783 1956 1971 2132 2146 2312 2380 2613 2681 2728 2732 2804 2824 2841 2925 3150 3185 3221 3223 3342 3376 3469 3579 3745 3779 3796 3815 3830 3920 3945 4018 4060 4075 4142 4216 4229 4234 4248 4267 4298 4342 4369 4545 4593 4621 4774 4873 4988
33 70 75 118 335 392 478 540 778 790 828 873 884 908 917 1148 1190 1430 1520 1592 1611 1646 1679 1883 1898 1968 2085 2101 2106 2129 2390 2429 2556 2664 2711 2733 2774 3147 3152 3231 3493 3499 3552 3623 3702 3833 3913 4203 4240 4255 4327 4355 4424 4676 4700 4746 4842 4975 4987
35 116 126 192 260 287 317 340 361 367 413 733 751 827 861 900 967 1166 1173 1494 1608 1666 1687 1941 1986 2094 2175 2244 2263 2317 2523 3047 3151 3177 3236 3249 3299 3373 3524 3625 3647 3816 3871 3961 4120 4185 4244 4296 4308 4944
36 131 255 279 509 518 548 565 616 697 758 862 873 926 981 986 1089 1116 1130 1141 1319 1475 1536 1584 1666 1700 1778 2085 2157 2203 2220 2267 2392 2412 2511 2619 2750 2767 2810 2835 2849 2913 3007 3088 3126 3544 3590 3623 3743 3871 3956 4154 4215 4243 4373 4452 4478 4706 4739 4895 4916 4957
37 49 112 168 200 219 327 420 424 540 607 816 880 1352 1398 1590 2071 2224 2403 2421 2797 2979 3033 3086 3325 3561 4146 4227 4685
38 110 201 332 372 396 449 578 629 676 873 895 951 1047 1064 1068 1103 1104 1291 1314 1476 1565 1613 1714 1724 1839 1919 1938 1979 2044 2335 2384 2451 2484 2528 2539 2647 2661 2687 2752 2781 2825 2826 2850 2865 2872 2889 2894 3363 3387 3449 3459 3491 3535 3551 3695 3729 3758 3799 3899 3921 3975 4058 4144 4218 4317 4323 4404 4516 4640 4693 4788 4842 4933
40 79 201 250 321 432 549 1220 1370 1379 1695 1735 1757 1996 2029 2141 2158 2439 2519 2675 2853 2877 3702 4515 4528 4612 4662
42 84 172 182 231 246 315 441 535 587 640 935 955 967 1090 1380 1474 1547 1711 1719 1916 2472 2629 2687 2690 2804 3259 3628 3692 3738 4359 4444 4474 4601 4830 4993
43 67 107 162 165 202 372 386 403 460 494 528 537 608 709 720 774 786 900 922 939 1022 1033 1153 1213 1345 1378 1447 1468 1577 1595 1657 1708 1804 1858 1882 1904 1953 1956 1992 2006 2166 2181 2235 2239 2305 2414 2433 2441 2527 2533 2627 2628 2632 2661 2693 2709 2803 2815 2892 2939 2941 2977 2985 3001 3076 3144 3180 3210 3443 3452 3470 3502 3530 3532 3800 3883 3924 3938 3950 3979 4013 4107 4171 4246 4271 4279 4289 4394 4450 4583 4609 4688 4771 4831 4843 4852 4893 4927 4952
43 155 213 389 542 973 1049 1190 1373 1518 1527 1747 2023 2066 2316 2333 2362 2407 2461 2555 2652 2667 2926 3203 3744 4368 4450 4466 4749
43 110 148 191 260 277 298 410 432 451 488 607 769 823 873 932 997 1025 1146 1459 1460 1493 1529 1549 1552 1680 1718 1895 1938 1971 2192 2413 2478 2550 2687 2813 2840 2871 2939 3052 3056 3077 3114 3165 3250 3347 3381 3405 3474 3533 3612 3786 3927 4016 4133 4238 4263 4415 4431 4436 4489 4637 4853 4877 4898 4924
43 76 128 233 316 355 375 453 635 655 672 733 775 784 792 808 858 873 915 937 977 1075 1110 1235 1237 1302 1371 1432 1443 1489 1533 1558 1566 1627 1691 1780 1816 1983 2000 2047 2057 2156 2269 2340 2436 2460 2513 2626 2687 2732 2800 2881 2923 3135 3260 3285 3317 3405 3419 3477 3546 3601 3611 3715 3723 3733 3752 3859 3865 3942 3981 3991 4005 4096 4099 4105 4208 4296 4307 4339 4394 4452 4470 4537 4612 4616 4640 4667 4669 4697 4712 4826 4836 4872 4874 4939 4969
43 78 87 195 215 261 460 467 523 896 899 947 983 1150 1170 1176 1248 1315 1316 1490 1602 1727 1913 2013 2070 2085 2360 2504 2532 2589 2714 2829 2855 2935 3080 3085 3209 3329 3351 3399 3493 3509 3560 3575 3629 3756 3959 4042 4119 4365 4373 4449 4494 4510 4596 4606 4728 4730
44 289 328 361 370 432 487 520 637 649 659 762 791 840 1067 1109 1446 1484 1503 1564 1650 1756 1927 1998 2067 2070 2092 2098 2204 2260 2335 2357 2379 2483 2606 2681 2805 2824 2850 2939 2984 3009 3045 3065 3108 3183 3341 3382 3463 3497 3537 3750 3758 3778 3975 4157 4202 4279 4305 4366 4452 4482 4572 4590 4704 4717 4763 4770 4774 4915 4920 4984
50 134 392 416 447 497 564 605 888 955 1026 1125 1129 1149 1257 1295 1327 1397 1402 1463 1641 1649 1787 1801 1996 2032 2091 2147 2353 2408 2440 2449 2500 2537 2567 2575 2604 2667 3067 3091 3312 3367 3548 3632 3777 3800 4116 4147 4169 4209 4260 4332 4399 4405 4436 4492 4515 4527 4854 4865 4922 4984
51 103 111 308 601 822 870 999 1028 1129 1361 1650 1684 1931 2012 2159 2228 2443 2494 2558 2589 2824 3079 3162 3216 3237 3372 3502 3582 3628 3784 3793 3822 3930 4022 4096 4110 4122 4127 4413 4553 4640 4660 4710 4720 4781 4812 4854 4856 4951 4963 4983 4992
53 88 228 230 256 342 469 686 730 960 1027 1154 1211 1360 1517 1610 1868 1907 1948 2050 2094 2105 2135 2238 2299 2322 2335 2370 2454 2455 2545 2623 2637 2650 2666 2696 2710 2827 2949 2976 3044 3112 3180 3263 3295 3394 3432 3440 3527 3607 3690 3746 3766 3780 3883 3896 3965 3983 4105 4169 4204 4312 4361 4427 4441 4487 4554 4564 4579 4587 4601 4711 4823 4956
54 167 211 243 377 487 491 610 637 708 955 977 1028 1095 1106 1134 1140 1152 1263 1401 1455 1479 1489 1523 1547 1565 1574 1627 1629 1666 1727 1758 1815 1831 1909 1949 1964 1977 2002 2015 2089 2223 2275 2300 2344 2399 2411 2448 2452 2462 2541 2629 2688 2733 2779 2781 2793 2839 2859 2872 2926 2954 3010 3028 3075 3173 3176 3250 3304 3387 3409 3450 3585 3624 3636 3816 3826 3844 3892 3978 4072 4115 4152 4221 4280 4284 4472 4480 4536 4540 4558 4674 4718 4722 4795 4867 4903 4914 4915
57 103 184 197 238 240 384 390 392 404 478 523 811 875 885 1035 1059 1088 1109 1135 1215 1330 1335 1370 1407 1433 1466 1600 1604 1619 1694 1737 1740 1838 1856 1887 1939 1943 1947 1959 1987 2077 2107 2152 2168 2212 2241 2381 2391 2475 2517 2540 2587 2644 2722 2772 2808 2844 2868 2876 2962 2993 2998 3102 3289 3323 3369 3425 3636 3714 3758 3819 3821 3854 3856 3891 3903 3923 3936 3943 3954 4007 4037 4089 4134 4206 4300 4317 4359 4384 4550 4731 4775 4785 4833 4894 4906 4933 4971
58 73 341 342 387 413 513 672 787 810 885 1129 1362 1416 1851 1975 2039 2059 2198 2474 2507 2566 2589 2595 2601 2614 2761 2797 2849 2880 2937 3042 3390 3962 4029 4031 4041 4122 4231 4460 4629 4689 4821
59 100 125 184 218 394 395 451 661 681 695 700 732 812 900 910 1009 1074 1121 1192 1261 1268 1421 1452 1492 1571 1682 1764 1820 1831 1888 1907 1965 1967 1998 2000 2003 2081 2087 2236 2242 2247 2359 2502 2503 2534 2548 2591 2687 2703 2847 2914 2952 3025 3047 3076 3145 3163 3168 3200 3308 3386 3409 3486 3519 3607 3724 3731 3836 3881 4064 4094 4200 4246 4270 4390 4520 4542 4583 4606 4670 4718 4747 4779 4812 4984 4991
60 103 244 512 528 686 720 962 1030 1398 1512 1714 1837 1958 2025 2064 2152 2167 2222 2295 2670 2837 3102 3197 3274 3284 3322 3485 3541 3601 4050 4149 4336 4349 4756
63 295 321 389 486 533 593 676 798 967 971 1019 1039 1091 1101 1220 1226 1506 1755 1771 1946 2127 2134 2146 2284 2306 2360 2383 2617 2784 2797 2873 2915 2941 3088 3131 3215 3216 3236 3307 3359 3404 3465 3510 3691 3729 3743 3787 3800 3938 3993 4249 4264 4282 4317 4372 4378 4521 4615 4638 4650 4675 4701 4791 4857 4984
64 91 99 260 378 414 479 637 644 666 672 676 688 730 755 762 809 835 881 930 967 1063 1086 1333 1564 1632 1738 1747 1855 1863 1872 1962 2110 2161 2278 2280 2281 2471 2513 2543 2588 2663 2683 2715 2798 2850 2965 2992 2998 3199 3344 3420 3447 3486 3537 3542 3763 4048 4057 4105 4125 4173 4283 4439 4584 4962 4970 4992
69 129 190 273 297 309 339 377 477 526 544 654 689 730 889 1179 1205 1218 1547 1644 1716 1895 1951 1997 2594 2886 2913 3225 3320 3486 3871 3893 4006 4054 4061 4107 4246 4310 4761 4925
71 235 242 364 464 558 1296 1797 2018 2094 2215 2469 2656 2685 2988 3458 3639 3702 3779 4341 4450
77 142 207 385 389 698 780 955 973 1235 1324 1408 1602 1683 1724 1922 2108 2194 2400 2764 2849 2857 2994 3016 3089 3180 3503 3841 3908 3975 4045 4047 4282 4515 4550 4552 4555 4591 4615 4632 4747 4840 4854 4893 4908
79 102 119 360 375 567 633 678 820 1017 1242 1261 1326 1559 1571 1650 2126 2156 2370 2773 2883 3364 3409 3522 3526 3538 3620 4181 4401 4544 4639 4677 4702 4798 4904 4911 4915
86 178 214 479 610 876 944 1014 1039 1159 1205 1256 1287 1432 1521 1570 1674 1735 1832 1862 1947 2265 2306 2470 2667 2683 3254 3405 4261 4477 4721 4774 4793 4845
87 237 293 407 523 600 956 1063 1136 1364 2049 2280 2699 3108 3168 3581 3647 3775 3965 4297 4302 4335 4460 4654 4668 4700 4987
87 114 145 249 270 340 396 454 551 553 721 922 977 1000 1039 1064 1172 1178 1212 1231 1235 1266 1269 1367 1419 1423 1447 1451 1500 1559 1605 1639 1650 1701 1714 1766 1911 1938 1956 1970 2094 2197 2246 2302 2317 2332 2358 2385 2390 2417 2760 2870 2989 3104 3108 3109 3167 3218 3240 3260 3280 3471 3501 3621 3626 3641 3654 3693 3758 3760 3771 3815 3834 3872 4058 4141 4143 4186 4279 4311 4334 4418 4617 4642 4745 4757 4773 4848 4857 4974
90 108 432 489 540 657 1008 1410 1639 1796 2082 2158 2255 2898 2917 3007 3174 3213 3216 3351 3352 3368 3382 3472 3619 3733 3861 4034 4197 4350 4416 4481 4599 4669 4729 4804
92 117 144 159 182 245 259 320 327 478 714 729 768 860 1103 1355 1387 1389 1468 1602 1638 1702 1781 1802 1866 1871 1894 1938 1963 1983 2068 2070 2082 2289 2361 2373 2455 2467 2496 2501 2512 2576 2582 2656 2701 2727 2834 2850 2884 3099 3116 3159 3204 3242 3250 3291 3657 3788 3848 3869 3882 3957 4101 4153 4217 4260 4264 4285 4318 4414 4607 4620 4649 4657 4698 4743 4757 4783 4789 4822 4838 4899 4970 4984
96 194 197 212 321 340 380 547 669 672 776 1028 1300 1404 1447 1519 1565 1573 1622 1681 1683 1775 1829 1891 1955 1989 2116 2142 2486 2522 2594 2672 2730 2764 2882 2929 2980 2982 3196 3221 3233 3248 3266 3441 3488 3490 3605 3631 3636 3669 3931 4181 4235 4236 4501 4548 4622 4795 4854 4933
97 228 283 305 866 923 991 1003 1081 1169 1212 1292 1619 1779 1818 1971 2174 2182 2249 2306 2317 2418 2535 2651 2860 2963 3202 3255 3332 3365 3388 3407 3535 3579 3593 3600 3655 3661 3813 3866 3966 4226 4315 4474 4565 4757 4782 4863 4960
98 379 405 415 512 587 733 782 786 982 1041 1054 1114 1124 1147 1345 1439 1575 1619 1791 1945 2076 2097 2138 2187 2252 2267 2304 2336 2341 2355 2482 2684 2817 2913 2922 3031 3092 3103 3117 3148 3300 3379 3445 3480 3595 3600 3608 3918 3969 3986 4023 4059 4144 4206 4254 4260 4314 4391 4716 4765 4777 4805 4867 4911 4967
100 200 257 329 342 419 987 1184 1235 1501 1727 2014 2266 3027 3221 3537 3798 3860 4481 4857
100 201 525 555 781 860 1172 1426 1733 2371 2398 2515 2840 2869 3017 3245 3399 4374 4615 4987
100 111 224 267 271 342 375 475 702 746 912 1007 1126 1142 1172 1206 1424 1532 1555 1571 1587 1601 1623 1631 1699 1700 1802 1874 1906 1911 2075 2095 2108 2306 2636 2674 2824 2843 2897 2978 3124 3128 3275 3283 3318 3401 3653 3729 3765 3846 3856 3915 3931 4100 4167 4223 4258 4396 4447 4454 4518 4554 4605 4640 4680 4740 4783
100 161 180 185 307 377 492 521 569 612 641 647 650 684 757 762 788 795 958 1071 1090 1097 1174 1232 1287 1305 1348 1358 1709 1712 1737 1762 1794 1807 1828 1869 1899 1928 1933 2001 2213 2267 2293 2447 2486 2488 2525 2530 2583 2656 2667 2677 2682 2932 3012 3082 3093 3180 3262 3269 3281 3284 3286 3345 3348 3500 3518 3528 3627 3632 3647 3743 3785 3911 3948 4039 4074 4292 4347 4352 4445 4495 4511 4554 4600 4604 4667 4686 4700 4716 4727 4925 4986
103 137 203 234 327 340 353 383 417 439 442 451 587 632 686 725 807 853 1001 1109 1110 1274 1318 1328 1372 1461 1574 1600 1657 1732 1747 1829 1924 2173 2351 2463 2581 2648 2757 2864 2866 3119 3416 3494 3571 3647 3672 3673 4086 4316 4460 4474 4515 4587 4667 4849 4879 4890 4911
103 124 201 389 396 449 455 492 620 691 998 1021 1225 1385 1420 1428 1440 1467 1485 1540 1631 1651 1719 1729 1789 1880 1934 1996 2048 2189 2246 2455 2489 2563 2775 2862 2863 2927 2955 2970 3019 3064 3090 3181 3184 3375 3505 3683 3694 3793 3794 3890 3895 3966 4019 4042 4066 4118 4163 4183 4222 4264 4388 4499 4509 4549 4562 4700 4757 4915 4930 4943
104 272 341 374 512 746 903 922 1048 1112 1123 1340 1346 1417 1441 1589 1600 1685 1786 2088 2290 2360 2434 2510 2547 2754 2791 2906 2927 2933 3371 3792 3849 4009 4063 4105 4235 4276 4304 4410 4434 4702 4805 4992
110 268 451 830 1221 1609 1748 1914 2347 2521 2764 3043 3154 3224 3260 3442 3733 3773 3780 4196 4311
110 446 727 1240 1241 1548 1598 1700 1947 2058 2188 2363 2376 2526 2599 2667 2795 2875 2973 2998 3146 3257 3350 3468 3525 3769 4011 4184 4197 4472 4497 4924
111 224 263 313 392 448 522 552 559 571 618 716 742 819 885 1061 1204 1233 1470 1524 1625 1636 1746 1751 1908 1962 2102 2141 2200 2221 2257 2288 2531 2737 2945 2995 3047 3073 3250 3310 3361 3414 3600 3678 3689 3706 3709 3711 3730 3731 3754 4036 4092 4161 4226 4259 4266 4371 4457 4463 4532 4543 4568 4577 4657 4699 4903 4931
113 120 197 223 241 251 280 389 412 474 476 485 496 538 586 665 670 677 709 746 759 1004 1064 1091 1122 1140 1176 1205 1255 1261 1359 1399 1460 1539 1545 1567 1657 1705 1706 1750 1809 1940 2069 2073 2104 2139 2208 2214 2246 2360 2362 2388 2390 2434 2450 2536 2574 2616 2699 2762 2771 2804 2806 2814 2909 2984 3020 3101 3149 3172 3238 3264 3465 3567 3616 3643 3743 3813 3861 3901 4046 4061 4174 4228 4235 4373 4450 4692 4784 4813 4874 4882 4914 4975 4993
122 128 154 391 435 442 600 831 973 1016 1166 1488 1688 1692 1743 1791 1974 2205 2296 2317 2564 2891 3035 3137 3516 3715 3963 3968 4160 4256 4259 4320 4342 4443 4589 4822
126 228 343 501 524 805 813 840 924 1105 1171 1231 1261 1281 1421 1633 1713 1905 1921 2062 2158 2218 2276 2331 2524 2593 2662 2731 2861 2993 3220 3299 3360 3535 3651 3664 3952 4004 4162 4166 4178 4221 4232 4235 4296 4468 4563 4601 4737 4742 4955
126 237 269 338 371 392 394 431 528 543 584 626 634 702 728 1246 1320 1368 1370 1398 1460 1664 1996 2027 2169 2171 2422 2557 3058 3088 3267 3279 3306 3345 3370 3623 3628 3660 3758 3947 3966 4070 4114 4259 4279 4305 4348 4400 4573 4583 4647 4762 4959
128 181 200 224 334 336 438 451 482 512 531 544 607 610 660 715 720 836 891 931 1165 1166 1386 1393 1398 1499 1564 1576 1604 1857 1907 2020 2024 2108 2300 2420 2442 2516 2661 2676 2681 2721 2733 2824 2970 3157 3227 3236 3261 3435 3473 3493 3536 3593 3635 3684 3772 3800 3813 3907 3931 3969 4015 4045 4124 4181 4194 4201 4262 4269 4296 4323 4342 4351 4668 4814 4820 4866 4883 4886 4914 4977 4978 4986 4987
130 166 194 330 473 617 862 914 1058 1220 1276 1290 1563 1628 1677 1762 1852 1911 2017 2232 2328 2337 2598 2683 3032 3201 3406 3731 3876 3922 3931 4024 4320 4381 4495 4753 4792 4827
135 157 325 361 442 560 1214 1399 1806 1845 1881 1884 2000 2010 2052 2116 2140 2427 2439 2470 2893 2911 2928 2986 3431 3453 3856 3862 4071 4090 4179 4192 4221 4293 4412 4496 4657 4706 4780 4837 4884
139 182 481 499 512 598 658 757 1012 1108 1277 1299 1350 1477 1505 1581 1600 1616 1632 1680 1690 1730 1742 1755 1849 1955 1974 1982 2042 2065 2113 2177 2178 2287 2321 2356 2374 2589 2630 2797 3107 3113 3141 3160 3169 3276 3336 3398 3417 3460 3520 3617 3755 3793 3891 3934 4045 4056 4150 4165 4168 4221 4346 4495 4527 4683 4725 4769 4818 4893 4902 4925
140 198 358 433 478 529 686 702 723 789 808 856 894 1196 1257 1349 1405 1464 1547 1617 1630 1631 1658 1686 1698 1962 2083 2180 2227 2246 2311 2321 2421 2781 2850 2869 3061 3171 3273 3383 3389 3414 3455 3486 3557 3579 3606 3618 3658 3666 3749 3825 3904 3973 4146 4311 4329 4343 4522 4611 4630 4741 4795 4996
141 197 302 347 538 690 711 719 720 743 762 859 950 954 1032 1102 1287 1345 1519 1535 1615 1647 1656 1659 1715 1768 1780 1848 2237 2267 2331 2396 2657 2665 2719 2770 2951 2986 2993 3031 3096 3125 3140 3246 3662 3710 3712 3742 3884 3947 3969 4012 4148 4314 4467 4517 4567 4619 4622 4645 4668 4709 4982 4992
145 352 361 404 464 492 504 685 770 878 920 974 994 1023 1289 1340 1404 1422 1454 1658 1721 1749 1831 1843 1945 1957 2051 2137 2176 2325 2492 2592 2843 2907 2975 3049 3143 3145 3192 3351 3403 3487 3647 3779 3800 3953 4106 4145 4265 4392 4471 4493 4632 4700 4841
145 152 190 394 463 541 801 911 1070 1162 1229 1230 1421 1525 1637 1719 1936 2245 2416 2609 2860 3011 3059 3097 3272 3610 3838 3999 4021 4413 4738 4805
147 346 610 950 1287 1597 1697 1876 1930 2090 2161 2217 2246 2362 2852 2990 3023 3241 3313 3343 3387 3400 3593 3597 3875 3926 4159 4323 4603 4783 4803
151 190 220 232 341 487 533 556 676 679 707 745 794 809 845 862 879 911 992 1063 1098 1354 1431 1442 1594 1596 1620 1660 1667 1693 1722 1754 1787 1833 1871 1895 1900 2156 2185 2199 2300 2386 2421 2498 2503 2611 2622 2643 2658 2747 2823 2931 2953 2981 3003 3047 3102 3284 3338 3345 3350 3414 3559 3598 3667 3716 3718 3751 3816 3856 3993 4042 4054 4062 4085 4102 4169 4195 4264 4278 4282 4321 4344 4345 4359 4446 4481 4606 4659 4671 4712 4748 4790 4808 4829 4842 4915 4938
156 276 372 432 528 592 615 624 868 1143 1216 1228 1270 1468 1827 1846 1878 1915 1971 2120 2195 2437 2497 2518 2692 2944 3039 3127 3138 3170 3235 3367 3483 3497 3535 3600 3806 4177 4214 4377 4823 4824 4958 4962 4966 4997
163 237 840 1160 1318 1569 1626 1850 2100 2122 2565 2733 2955 3219 3239 3345 3761 3818 4123 4588 4783 4992
170 229 370 394 539 594 611 652 664 722 731 832 848 917 974 1024 1038 1060 1079 1087 1340 1370 1483 1502 1559 1580 1604 1655 1727 1732 1762 1777 1795 2055 2123 2141 2209 2254 2286 2318 2339 2434 2499 2505 2568 2681 2733 2746 2856 2940 2993 3002 3076 3136 3153 3208 3253 3395 3426 3427 3428 3563 3586 3630 3699 3722 3807 3980 3990 4045 4330 4363 4395 4462 4551 4566 4583 4644 4715 4868 4925 4962 4986 4990 4995
176 221 228 316 327 341 357 373 406 479 528 800 821 862 882 893 925 938 974 1032 1092 1156 1157 1278 1321 1328 1382 1497 1564 1668 1669 1723 1860 1896 1961 1998 2153 2183 2226 2243 2331 2339 2350 2477 2486 2683 2781 2927 2943 2955 3007 3309 3312 3393 3433 3563 3564 3602 3729 3747 3757 3880 3889 3891 3908 3932 3938 3967 4014 4059 4084 4146 4191 4260 4279 4349 4398 4521 4624 4712 4747 4815 4819 4903 4942
177 448 544 576 902 934 1011 1050 1172 1201 1223 1297 1332 1515 2253 2638 3083 3481 3550 3659 4137 4230 4320
184 189 418 508 552 682 941 966 974 1062 1283 1932 2063 2099 2150 2843 3040 3120 3198 3391 3589 3632 3802 3883 4281 4315 4608 4747 4946 4963
187 222 540 544 675 730 855 872 996 1073 1085 1128 1375 1467 1491 1683 1725 1743 2016 2034 2053 2323 2349 2372 2444 2528 2712 2903 2941 3166 3190 3408 3569 3650 3685 3813 4113 4126 4190 4260 4408 4420 4477 4523 4587 4612 4684 4697 4851 4912
188 227 519 648 1164 1227 1390 1662 2314 2364 2476 2480 2706 2716 2743 3303 3915 3976 4130 4226 4407 4472 4531 4601 4893 4911 4991
193 194 285 370 449 562 653 803 814 897 900 911 921 963 1077 1090 1091 1151 1163 1190 1219 1260 1310 1421 1445 1452 1453 1510 1523 1562 1665 1671 1737 1738 1760 1824 1826 1892 2111 2117 2133 2159 2251 2331 2349 2367 2394 2434 2587 2660 2700 2704 2705 2708 2785 2789 2916 2919 2955 2957 2987 3036 3037 3055 3059 3132 3250 3294 3382 3429 3563 3615 3770 3811 4061 4132 4139 4144 4264 4325 4361 4397 4425 4461 4535 4606 4632 4652 4706 4755 4783 4893 4907 4925 4937 4950 4979 4981
196 264 557 585 766 808 957 988 1065 1077 1250 1700 1761 1825 1831 1945 1966 2022 2148 2160 2453 2508 2538 3051 3076 3474 3607 3707 3851 3894 3925 3960 4138 4140 4349 4403 4417 4574 4640 4850 4881 4946 4963 4995
197 413 563 701 726 739 847 886 944 1275 1339 1639 1672 1724 1738 1744 1745 1772 1780 1865 1994 2146 2209 2551 2587 2612 2816 2901 2947 3031 3142 3158 3187 3284 3290 3409 3632 3734 3739 3780 3815 4061 4080 4156 4359 4361 4613 4724 4822 4985 4986 4989
201 260 303 365 495 583 675 710 831 911 927 929 980 1013 1055 1107 1115 1198 1218 1365 1489 1528 1734 1805 1847 2043 2116 2216 2229 2321 2439 2470 2726 2836 2888 2908 2918 3105 3106 3387 3403 3476 3497 3504 3579 3601 3687 3717 3827 3995 4169 4290 4602 4622 4733 4758 4764 4812 4917 4919
204 321 345 621 625 713 748 809 1018 1234 1264 1265 1340 1341 1351 1365 1396 1471 1498 1504 1523 1652 1817 2250 2283 2321 2639 2742 2854 2967 3047 3115 3145 3292 3340 3355 3574 3592 3607 3648 3813 3815 4054 4059 4109 4197 4435 4438 4712 4757 4800 4892 4928 4932 4995
216 382 483 550 607 646 656 786 853 1324 1530 1618 1829 2009 2456 2528 2745 2970 3146 3278 3284 3316 3423 3454 3587 3596 3634 3781 3835 3915 3929 3988 4030 4088 4221 4376 4380 4485 4525 4554 4718 4903 4908 4935 4953
217 294 301 394 416 462 469 497 498 516 570 693 703 746 871 950 959 977 1207 1236 1353 1356 1377 1550 1556 1560 1599 1635 1658 1703 1720 1724 1753 1808 1834 1926 1981 1991 2084 2311 2506 2641 3015 3244 3378 3384 3402 3525 3553 3583 3681 3883 4169 4207 4455 4495 4581 4606 4667 4708 4785 4809 4835 4867 4871 4875 4934 4972
236 398 530 1551 1619 1666 1673 1864 1998 2159 2282 2311 2594 2720 3004 3535 3780 4000 4328 4359 4484 4668
237 248 341 350 421 443 445 523 639 651 667 868 1002 1037 1113 1176 1399 1403 1452 1465 1473 1634 1648 1675 1737 1835 1955 1962 2115 2121 2128 2262 2313 2348 2470 2586 2777 2869 2930 3168 3236 3357 3392 3399 3465 3502 3562 3688 3794 3944 4096 4235 4295 4382 4521 4563 4618 4645 4666 4669 4678 4933 4964 4987
239 368 497 674 702 868 1304 1467 1554 1689 1798 1912 2387 2818 2846 2984 3780 3974 4010 4291 4459 4805
252 254 344 408 426 458 471 514 831 837 979 1110 1133 1224 1285 1427 1457 1516 1519 1612 1629 1704 1736 1780 1831 1897 1974 1994 2060 2112 2273 2300 2306 2331 2352 2382 2499 2514 2528 2610 2625 2679 2724 2900 2924 2934 2991 3071 3155 3178 3214 3247 3288 3448 3498 3525 3576 3599 3698 3736 3795 3817 3938 3947 3975 4051 4059 4091 4151 4182 4206 4246 4275 4288 4379 4394 4406 4413 4607 4615 4627 4661 4667 4682 4695 4696 4794 4823 4900
260 430 950 1150 1218 1293 1365 1480 1661 1700 2280 2421 2838 2913 3217 3804 3876 4452 4479 4612
275 281 354 671 772 1090 1140 1258 1610 1650 1738 1793 2000 2409 2574 2794 2858 3349 3523 3675 4061 4146 4315 4320 4337 4386 4402 4473 4547 4635 4672 4801 4989
288 517 604 730 1118 1168 1185 1253 1629 1727 1728 1836 1902 2694 2739 3022 3243 3593 4115 4245 4263 4559 4991
291 694 706 808 839 1001 1254 1436 1447 1511 1603 1632 1787 1945 2146 2172 2640 2732 2797 2840 2939 3059 3216 3366 3537 3671 3720 3816 3891 4035 4107 4481
299 375 377 587 590 600 747 976 1063 1161 1194 1317 1585 1790 1822 1901 1944 1962 1983 2035 2227 2233 2401 2428 2486 2499 2603 2668 2766 2960 3046 3287 3301 3545 3767 3818 3823 3878 3969 4250 4354 4582 4592 4869 4908 4948
321 327 331 362 452 502 507 544 595 768 840 919 928 1181 1197 1340 1391 1409 1438 1472 1617 1653 1743 1812 1854 2007 2041 2130 2149 2264 2270 2872 2921 3123 3179 3296 3298 3382 3421 3540 3696 3801 3818 3845 3958 4078 4309 4439 4483 4502 4709
322 342 348 416 437 460 561 829 860 946 1042 1811 2277 2486 2544 2574 2848 3928 4246 4305 4995
381 448 826 885 890 918 1005 1218 1272 1456 1717 1813 2094 2158 2362 2390 2607 2796 2959 3205 3405 3414 4353 4459 4514 4529 4653 4681 4694 4714 4787
401 588 642 1046 1109 1177 1190 1347 1523 1610 1663 1680 1765 1769 1774 1972 1999 2258 2366 2369 2479 2780 2874 3168 3399 3439 3451 3465 3474 3614 3803 3856 3935 3984 3998 4197 4268 4718 4786 4946
411 479 533 614 645 1617 1666 2046 2360 2849 2878 3013 3333 3729 3776 3909 3987 4098 4263 4385 4512 4970
416 465 503 717 808 831 885 1129 1259 1357 1564 1565 1680 1791 1819 1910 2211 2298 2415 2438 2509 2579 2860 3053 3161 3251 3271 3584 3993 4144 4211 4636 4664 4668 4750 4861 4862
434 744 783 883 1001 1137 1286 1468 1622 1631 1648 1714 1803 2165 2240 2553 2748 3014 3145 3221 3226 3385 3462 3543 3642 3818 3947 4450 4754 4785 4874 4946
622 917 1366 1381 1871 1895 2096 2683 2869 3060 3258 3351 3479 3715 3946 3997 4193 4259 4274 4375 4423 4709
752 1066 1140 1220 1249 1334 1432 1559 1574 1600 1610 1622 2026 2061 2161 2390 2787 2941 2956 2998 3195 3335 3411 3555 3646 3883 3939 4095 4115 4490 4500 4539 4607 4859 4878
