1 54 147 166 322 338 370 503 561 723 1073 1097 1233 1243 1466 1771 1827 1917 1940 2063 2110 2347 2380 2408 2431 2441 2623 2667 2748 2857 2896 3054 3072 3140 3322 3351 3431 3477 3870 4116 4206 4214 4243 4253 4323 4363 4518 4630 4816
2 13 22 34 65 307 343 351 381 393 452 471 492 522 634 737 760 770 813 835 872 921 923 968 1027 1178 1225 1773 1965 1974 2209 2255 2585 2643 2783 2807 2819 2936 2946 2968 2991 3056 3061 3286 3350 3517 3561 3590 3602 3610 3641 3655 3874 3987 3993 4047 4055 4112 4115 4137 4181 4217 4387 4495 4531 4570 4601 4629 4669 4809 4856 4919
3 241 263 273 295 336 385 393 671 811 1030 1234 1277 1440 1561 1656 1732 1771 1835 1941 1964 1971 2155 2163 2296 2324 2391 2550 2573 2698 2759 2912 2991 3055 3081 3114 3166 3692 3745 3942 3976 4089 4189 4328 4352 4534 4551 4815 4844 4904 4940 4989
4 440 542 599 610 636 690 691 1392 1418 1554 1578 1670 1673 1872 1953 1971 2095 2190 2252 2326 2611 2796 3104 3117 3130 3270 3555 3563 3695 3712 3888 3925 4161 4182 4598 4655 4788 4810 4836 4863 4946
5 101 260 276 1008 1238 1646 1941 2174 2625 2860 2972 2983 3244 3251 3304 3305 3838 3937 4263 4881 4954
6 10 39 65 211 247 336 655 932 958 1182 1526 1709 1833 1916 2105 2201 2585 2606 2705 2966 3170 3267 3664 3723 3829 3969 4010 4057 4096 4245 4275 4420 4440
7 26 96 152 222 227 332 409 443 447 514 523 598 609 620 625 635 674 782 815 826 846 885 1006 1052 1135 1169 1424 1492 1716 1776 1793 1908 1916 1925 1932 1941 2015 2019 2042 2049 2096 2153 2170 2215 2350 2387 2416 2461 2462 2487 2519 2665 2709 2854 2870 2884 3043 3222 3242 3271 3545 3607 3614 3700 3726 3837 3888 3926 3999 4012 4044 4082 4165 4198 4226 4288 4305 4320 4379 4431 4449 4562 4682 4698 4781 4832 4932
8 45 56 64 97 121 208 271 383 421 423 467 487 492 503 506 602 614 759 786 846 910 1026 1060 1082 1175 1244 1329 1467 1635 1759 1762 1777 1786 1933 1949 1957 1978 2058 2103 2137 2199 2240 2287 2303 2377 2379 2443 2507 2571 2631 2668 2711 2733 2889 2972 3089 3147 3183 3186 3201 3287 3341 3385 3405 3486 3505 3510 3636 3693 3847 4027 4080 4165 4223 4225 4268 4275 4352 4392 4534 4586 4671 4729 4762 4957
9 179 183 226 335 414 446 524 532 574 579 586 590 669 679 690 732 831 912 1008 1066 1107 1136 1140 1180 1233 1267 1312 1463 1492 1547 1559 1573 1801 1811 1951 2032 2101 2115 2147 2170 2221 2463 2488 2495 2503 2531 2723 2727 2786 2816 2912 3041 3130 3209 3447 3480 3497 3503 3669 3701 3749 3878 3982 4008 4017 4019 4288 4362 4420 4437 4616 4689 4697 4754 4781 4910 4916 4923 4960
11 119 222 230 314 352 611 642 831 1078 1237 1336 1434 1486 1546 1652 1730 1789 2315 2513 2776 3143 3182 3319 3456 3584 3612 3634 3849 4014 4094 4123 4208 4218 4266 4338 4341 4496 4517 4566 4622 4652 4727 4736
11 172 184 221 254 265 281 297 304 409 462 465 596 608 673 680 818 830 847 880 1065 1161 1393 1423 1524 1545 1618 1638 1706 1730 1752 1757 1780 1983 2003 2072 2225 2250 2283 2476 2502 2601 2624 2678 2848 3019 3039 3072 3093 3131 3207 3227 3271 3283 3341 3463 3542 3581 3612 3618 3746 3789 3903 3931 3940 3974 4055 4058 4060 4098 4333 4553 4663 4733 4751 4764 4907
11 89 155 173 232 239 410 439 469 575 727 837 914 1036 1206 1215 1232 1233 1322 1437 1491 1529 1609 1741 1756 1824 2085 2086 2170 2236 2241 2402 2408 2463 2516 2520 2534 2646 2821 2885 2912 2962 3013 3021 3055 3064 3127 3222 3265 3269 3328 3336 3411 3502 3511 3521 3569 3572 3595 3629 3646 3709 3774 3794 3857 3858 4025 4071 4072 4117 4161 4180 4196 4212 4250 4314 4486 4521 4523 4545 4570 4581 4588 4635 4714 4730 4753 4770 4854 4893 4898 4993
11 67 209 765 913 1107 1127 1218 1326 1478 1729 1825 1982 2221 2225 2236 2256 2379 2784 2824 3052 3054 3452 3519 3562 3603 3608 3639 3837 4137 4197 4441
11 27 169 174 193 210 370 504 530 582 589 686 796 931 1055 1062 1067 1072 1134 1151 1196 1269 1278 1485 1488 1490 1525 1698 1771 1804 1926 1964 1966 2164 2169 2282 2366 2430 2448 2472 2508 2590 2616 2642 2680 2681 2691 2760 2947 3039 3046 3147 3157 3289 3342 3365 3370 3440 3456 3470 3508 3604 3674 3687 3816 3947 3978 3996 4176 4205 4266 4292 4314 4353 4359 4375 4407 4446 4540 4582 4696 4704 4722 4765 4777 4825 4853 4901
11 49 77 85 91 118 134 324 336 393 430 456 614 684 717 837 838 880 948 1101 1281 1333 1372 1427 1477 1504 1541 1558 1661 1706 1711 1843 1864 2084 2208 2267 2501 2552 2581 2586 2654 2669 2671 2727 2764 2840 2923 2954 2972 3029 3036 3055 3071 3086 3179 3441 3509 3519 3687 3920 3963 3977 3993 4013 4147 4180 4211 4233 4240 4370 4420 4421 4578 4653 4714 4720 4745 4907 4932 4951
12 70 83 101 149 199 214 243 257 372 406 451 577 704 755 789 844 892 901 927 1001 1223 1264 1272 1398 1414 1446 1469 1493 1604 1674 1716 1742 1757 1822 1920 2002 2192 2221 2261 2298 2307 2316 2371 2386 2471 2552 2690 2769 2782 2883 2933 3119 3143 3161 3271 3450 3529 3582 3689 3707 3783 3803 3821 4078 4126 4156 4171 4198 4227 4285 4398 4488 4512 4603 4638 4830 4861 4880 4885
14 19 59 80 351 446 485 509 601 631 634 779 789 794 846 980 1096 1261 1371 1391 1536 1569 1580 1608 1630 1683 1695 1728 1757 1783 1984 2005 2038 2108 2160 2221 2283 2338 2360 2562 2585 2665 2703 2826 2830 2878 3039 3128 3157 3167 3215 3357 3401 3468 3508 3560 3572 3579 3764 3907 3944 4035 4088 4180 4184 4217 4220 4238 4371 4546 4624 4672 4713 4714 4752 4775 4781 4807 4829
15 123 180 192 241 257 328 353 494 646 663 666 668 875 994 1194 1279 1481 1487 1554 1593 1644 1654 1666 1704 1812 1965 2036 2058 2177 2210 2218 2342 2378 2400 2404 2422 2523 2558 2672 2773 2808 2823 2923 2932 2943 3034 3037 3296 3355 3366 3384 3401 3621 3658 3696 3722 3837 3932 3952 4188 4219 4221 4235 4328 4433 4491 4508 4515 4534 4715 4734 4761 4766 4770 4871 4891 4930 4987
16 114 116 184 216 241 254 336 371 441 466 507 572 573 680 880 980 1026 1173 1294 1310 1330 1488 1528 1574 1579 1584 1590 1609 1654 1716 1862 1870 1890 1953 2031 2072 2077 2105 2167 2238 2506 2575 2582 2749 2767 2846 2892 2929 3039 3082 3165 3444 3494 3497 3508 3518 3687 3895 3926 3938 4022 4106 4218 4266 4348 4360 4404 4454 4491 4531 4593 4662 4719 4747 4864 4913 4954
17 347 454 493 510 705 848 889 928 1088 1195 1614 1806 1964 2238 2472 2734 3349 3517 4108 4127 4159 4520 4633
18 26 107 221 289 371 406 438 502 645 652 730 792 831 913 984 1069 1107 1189 1209 1277 1281 1497 1572 1599 1751 1775 1778 1796 1821 1853 1912 2021 2042 2109 2130 2173 2365 2377 2489 2494 2525 2585 2762 2808 2879 3003 3016 3115 3116 3248 3304 3363 3485 3519 3563 3593 3612 3616 3666 3761 3834 3843 4013 4084 4098 4322 4385 4415 4643 4810 4855 4862 4866 4873 4897 4908
20 53 83 168 528 574 610 664 882 1235 1454 1721 1805 1838 1845 1930 1934 1947 2141 2284 2379 2416 2430 2535 2586 2595 2622 2868 2878 2945 2984 3072 3138 3147 3209 3398 3547 3639 3733 3937 4198 4545 4554 4616 4623 4635 4829 4907 4977
21 28 236 271 453 666 787 894 963 989 1014 1059 1199 1231 1259 1290 1382 1412 1442 1507 1605 1947 2033 2106 2302 2340 2354 2357 2369 2430 2522 2544 2602 2684 2786 2813 2921 2959 2965 3025 3043 3170 3191 3200 3304 3663 3798 3912 3968 3995 4031 4107 4132 4297 4327 4401 4592 4750 4801 4829 4881 4932 4997
23 32 54 87 313 328 435 506 513 678 1132 1282 1410 1428 1497 1588 1630 1769 1973 2076 2110 2120 2179 2192 2316 2739 2831 3001 3055 3077 3587 3682 3702 3762 3864 3938 4061 4218 4417 4549 4741 4806 4982
24 184 211 241 243 265 370 420 461 778 786 908 965 1033 1039 1100 1187 1224 1257 1271 1272 1291 1334 1357 1415 1684 1748 1917 1923 2048 2069 2078 2116 2712 2715 2743 2960 3060 3092 3108 3114 3143 3240 3452 3572 3597 3606 3745 3824 3914 3953 4024 4051 4113 4188 4198 4397 4486 4534 4785 4857 4921
25 75 222 322 333 351 371 468 473 497 503 644 655 731 743 895 964 1063 1131 1248 1277 1282 1292 1317 1325 1430 1518 1549 1650 1675 1715 1734 1761 1873 1959 2050 2104 2131 2182 2230 2236 2438 2542 2593 2660 2919 2988 3029 3144 3284 3375 3415 3421 3498 3523 3613 3652 3657 3747 3786 3817 3916 4023 4367 4405 4437 4486 4496 4502 4549 4601 4678 4684 4740 4801 4957 4994
26 41 97 101 251 327 372 589 604 766 829 901 980 1016 1030 1086 1349 1356 1435 1458 1475 1563 1612 1619 1693 1708 1710 1731 1735 1779 1781 1941 2042 2115 2136 2187 2193 2285 2303 2345 2351 2433 2504 2577 2608 2613 2618 2657 2728 2789 2832 2917 2924 2938 2978 3017 3048 3132 3146 3147 3167 3226 3251 3389 3404 3433 3452 3489 3564 3614 3638 3724 3771 3810 3970 4110 4115 4130 4151 4219 4274 4312 4328 4350 4364 4491 4542 4608 4619 4689 4796 4813 4958 4968 4996
26 351 366 371 408 453 460 578 589 776 1132 1235 1341 1393 1630 1696 1917 1920 2124 2154 2242 2270 2321 2440 2586 2641 2678 2778 2781 2805 2848 2923 3003 3096 3252 3315 3337 3516 3631 3747 3851 3862 4005 4027 4055 4275 4328 4491 4600 4633 4762 4824 4974 4982
26 29 102 196 210 228 237 309 322 442 449 515 558 586 716 730 785 855 919 1000 1088 1248 1449 1492 1539 1558 1652 1784 1785 1794 1950 1958 2098 2123 2150 2225 2282 2289 2336 2452 2455 2545 2627 2730 2740 2799 2824 2844 2961 3003 3057 3101 3106 3221 3421 3497 3548 3563 3650 3653 3709 3729 3826 3861 3880 3886 3937 3993 4008 4053 4291 4306 4335 4365 4486 4492 4506 4509 4524 4534 4567 4636 4723 4725 4842 4859 4950
26 200 263 404 492 509 645 700 1025 1043 1371 1609 1777 2096 2110 2170 2366 2409 2644 2772 2777 2871 3421 3469 3615 3853 3972 3987 4161 4252 4278 4323 4500
30 150 165 176 261 437 711 1344 1441 1703 1994 2128 2307 2808 2820 3309 3413 3780 3882 4266 4468
31 53 213 263 414 833 845 876 967 1025 1281 1307 1313 1450 1566 1602 1667 2082 2218 2325 2378 2418 2545 2701 2878 3033 3043 3058 3118 3143 3192 3611 4068 4135 4170 4355 4495 4592 4661 4681 4811 4926
33 254 268 398 412 414 482 487 517 613 762 766 832 966 997 1024 1115 1187 1204 1253 1263 1297 1334 1361 1406 1620 1690 1691 1719 1793 1814 1849 1876 1891 1906 2110 2198 2320 2379 2476 2521 2565 2752 2776 2911 2953 3024 3029 3128 3167 3209 3500 3559 3694 3908 3954 4063 4098 4183 4209 4227 4294 4304 4313 4314 4358 4367 4572 4683 4763 4773 4781 4818 4869 4878 4907 5000
35 184 405 603 624 641 730 766 833 1021 1589 1744 1866 1909 2001 2075 2106 2217 2221 2303 2518 2569 2840 2953 2997 3114 3255 3266 3338 3387 3526 3742 3956 4165 4231 4335 4465 4568 4914
36 84 486 907 922 1132 1163 1219 1223 1247 1277 1520 1550 1562 1755 1837 1961 1971 2105 2113 2166 2170 2179 2208 2411 2416 2604 2605 2634 2658 2991 3056 3178 3201 3427 3442 3499 3507 3714 3722 3742 3747 3761 3913 4389 4396 4435 4455 4643 4756 4900 4976 4993
37 63 83 97 142 188 202 214 280 339 364 516 597 645 742 825 834 902 913 966 972 981 1037 1164 1250 1287 1370 1466 1506 1510 1556 1583 1696 1722 1793 1798 1839 1859 1920 2106 2236 2322 2398 2419 2515 2600 2616 2677 2702 2848 2946 2958 3029 3083 3110 3112 3129 3199 3273 3293 3436 3478 3512 3596 3768 3779 3783 3823 3839 3885 3888 3903 3938 3990 4031 4066 4165 4190 4232 4233 4245 4314 4403 4496 4657 4852 4876
38 53 95 195 285 373 375 409 425 574 658 680 818 911 1026 1068 1113 1208 1281 1657 1955 1988 2238 2267 2275 2430 2576 2814 3226 3359 3521 3608 3741 3848 3985 4042 4102 4273 4305 4397 4453 4492 4497 4542 4749 4870 4971
40 133 237 485 509 595 637 773 831 953 996 1081 1109 1193 1324 1342 1360 1400 1802 1869 1960 2211 2248 2283 2366 2463 2476 2670 2717 2836 2873 2912 3219 3407 3499 3536 3767 3777 3783 3831 3860 3927 3943 4002 4013 4188 4234 4253 4275 4296 4346 4374 4400 4486 4632 4659 4810 4917 4920 4949
41 86 99 158 168 213 215 272 479 485 643 725 739 786 817 852 871 1042 1071 1081 1373 1470 1523 1743 1744 1796 1947 1969 1978 2072 2224 2228 2269 2316 2358 2443 2510 2599 2642 2727 2780 2793 2907 2949 2953 3235 3252 3279 3283 3286 3332 3343 3474 3501 3558 3563 3618 3639 3697 3772 3870 3873 3890 3899 3923 4040 4064 4119 4165 4198 4210 4269 4360 4384 4418 4495 4748 4763 4940 4967 4989 4990 4992
41 141 210 262 357 472 500 589 783 884 1112 1229 1472 1542 1579 1629 1706 1828 1879 1953 2115 2376 2388 2468 2953 3124 3285 3318 3373 3498 3517 3609 3654 3720 3783 3802 3888 4032 4059 4075 4134 4305 4475 4522 4532 4570 4577 4592 4635 4651 4667 4702 4829 4878 4881 4928 4985 4999
41 519 574 893 929 949 966 1191 1248 1563 1647 1947 2197 2222 2254 2389 2481 2489 2507 2603 2645 2714 2769 3084 3172 3196 3341 3514 3699 3742 3811 3837 4185 4313 4465 4492 4495 4919
41 310 888 947 1551 1578 1971 2483 2745 2832 2869 3121 3273 3341 3360 3499 4155 4219 4287 4516
41 81 214 348 454 545 920 934 1076 1082 1107 1163 1262 1280 1306 1376 1416 1595 1617 1650 1669 1710 1807 1829 1836 2099 2106 2203 2334 2366 2403 2436 2463 2497 2545 2617 2642 2726 2779 2832 2876 2952 3056 3065 3087 3147 3166 3173 3282 3414 3492 3501 3543 3734 3805 3941 4030 4031 4062 4309 4343 4344 4347 4430 4617 4693 4714 4803 4840
42 82 237 395 505 521 1160 1272 1301 1689 1739 1784 1910 2038 2189 2196 2601 2662 2769 2779 2851 3535 3755 4182 4349
43 184 222 252 283 371 537 619 707 846 863 1132 1143 1227 1407 1476 1609 1631 1663 1978 2058 2142 2156 2207 2229 2368 2378 2494 2544 2570 3585 3761 3962 4545 4763 4872 4919 4970
44 62 159 194 341 406 446 475 614 694 793 816 837 859 880 903 949 1025 1026 1124 1220 1224 1248 1492 1680 1696 1730 1738 1910 1914 1916 1954 2131 2152 2187 2189 2226 2267 2307 2310 2366 2416 2425 2434 2560 2601 2629 2637 2725 2747 2754 2986 3016 3097 3100 3122 3130 3209 3271 3299 3304 3316 3335 3415 3491 3498 3508 3673 4011 4203 4210 4228 4323 4479 4586 4737 4758 4790 4925 4934 4944
46 151 235 249 274 284 487 621 692 782 840 851 927 940 941 1019 1216 1353 1361 1492 1696 2005 2078 2192 2218 2280 2314 2589 2758 2848 2947 3043 3162 3347 3487 3501 3508 3568 3594 3819 3924 3930 3989 4050 4148 4161 4402 4491 4493 4498 4526 4540 4584 4601 4699 4707 4763 4877
47 53 168 666 914 1132 1459 1570 1681 1846 1854 1980 2025 2039 2123 2377 2507 2769 3048 3223 3455 3800 3917 4248 4321 4403 4472 4642 4970
48 120 480 485 563 565 610 712 721 747 949 1057 1090 1153 1166 1223 1282 1351 1383 1393 1643 1687 1765 1795 1878 2045 2097 2466 2494 2507 2554 2564 2585 2601 2977 3349 3483 3572 3688 3888 3949 3973 4056 4199 4262 4545 4774 4801 4895 4903 4939 4993
49 222 278 452 666 700 744 782 799 927 931 1088 1163 1260 1300 1345 1350 1354 1372 1401 1571 1577 1624 1640 1682 1686 2123 2131 2133 2143 2164 2165 2228 2411 2489 2682 2727 2786 2951 2953 2985 3006 3023 3109 3120 3166 3226 3312 3323 3401 3429 3494 3550 3611 3740 3865 4036 4154 4169 4220 4366 4481 4542 4706 4769 4784 4932 4970 4982
49 106 294 367 393 494 533 538 610 739 768 782 1015 1044 1046 1163 1258 1368 1393 1492 1625 1650 1660 1661 1683 1718 1792 1878 1962 1996 2008 2022 2072 2220 2273 2373 2470 2476 2478 2512 2597 2735 2748 2755 2757 2765 2771 2776 2785 2786 2840 2878 2934 2995 3166 3229 3326 3517 3598 3600 3657 3687 3757 3885 3959 3960 3987 3993 4215 4229 4239 4252 4286 4314 4366 4450 4559 4566 4621 4732 4795 4798 4807 4814 4833 4957 4970
49 60 195 266 350 406 477 639 644 690 774 793 959 1082 1224 1283 1320 1603 1607 1710 1799 1857 1864 1874 1922 1998 1999 2043 2074 2131 2134 2272 2343 2394 2412 2449 2514 2716 2744 2824 2855 2860 2920 3003 3057 3072 3158 3216 3456 3494 3627 3801 3883 3887 3900 4241 4242 4253 4335 4348 4378 4408 4455 4458 4470 4482 4507 4534 4560 4566 4716 4808 4866 4883 4886 4915 4936
49 115 133 167 201 221 250 263 264 271 409 429 457 607 644 680 706 730 742 789 845 878 896 966 1075 1223 1497 1554 1744 1904 2033 2083 2175 2188 2282 2283 2292 2339 2368 2424 2588 2591 2602 2626 2676 2820 2827 2946 3058 3128 3234 3247 3295 3307 3324 3334 3353 3378 3391 3415 3432 3439 3543 3637 3657 3665 3747 3806 3833 3870 3919 3938 3987 4076 4120 4149 4245 4283 4367 4403 4537 4539 4540 4565 4707 4875 4878 4912 4919 4989
49 83 232 294 406 414 581 583 700 881 899 939 943 1020 1099 1179 1272 1305 1409 1419 1479 1506 1609 1661 1683 1713 1735 1784 1910 1944 1968 2047 2110 2112 2126 2206 2237 2358 2410 2428 2438 2454 2532 2545 2572 2596 2714 2833 3032 3040 3054 3123 3177 3194 3426 3435 3612 3685 3761 3870 3875 3880 4026 4055 4157 4227 4233 4245 4257 4290 4390 4397 4492 4542 4601 4643 4703 4841 4956 4983
50 54 100 111 113 140 157 211 322 337 418 492 676 733 739 806 865 913 963 969 1083 1132 1145 1250 1271 1276 1309 1367 1462 1466 1537 1578 1655 1677 1723 1878 1880 1964 1978 2028 2235 2253 2264 2265 2282 2432 2443 2463 2477 2547 2585 2694 2808 2809 2854 2902 2969 3009 3013 3047 3147 3220 3435 3448 3452 3614 3639 3660 3910 4200 4317 4323 4357 4393 4406 4513 4566 4571 4596 4607 4613 4640 4643 4770 4792 4890 4954 4965 4982
51 193 195 328 342 618 963 1344 1642 1724 1825 1917 2033 2046 2100 2244 2279 2406 2930 2981 3201 3229 3710 3747 3754 3922 3950 3979 4131 4158 4552 4601 4616 4649 4829
52 97 171 187 204 216 260 315 360 369 407 408 414 419 454 628 656 688 742 777 860 949 954 973 1130 1156 1190 1192 1250 1465 1466 1506 1542 1555 1585 1630 1730 1794 1834 2140 2161 2179 2228 2291 2323 2429 2453 2627 2727 2790 2806 2840 2974 2982 3070 3113 3133 3170 3237 3339 3424 3498 3608 3818 3820 3884 3980 4016 4161 4199 4222 4247 4339 4366 4397 4420 4444 4466 4540 4561 4646 4690 4753 4827 4839 4845 4874 4906 4945 4981
53 128 201 356 370 379 448 470 483 490 610 831 833 916 1448 1683 1703 1757 1825 1888 1899 2016 2078 2123 2227 2274 2303 2364 2438 2489 2495 2855 2883 2910 2941 3094 3170 3171 3226 3251 3271 3345 3395 3612 3645 3682 3877 3921 3937 3961 4013 4030 4192 4255 4279 4543 4585 4606 4633 4650 4724 4757 4768 4779 4807 4851 4867 4957 4975
53 279 322 411 525 700 729 850 980 1009 1106 1217 1362 1567 1578 1623 1831 2033 2094 2363 2430 2445 2484 2847 2883 3056 3062 3291 3456 3499 3530 3657 3713 3837 3937 4006 4093 4199 4202 4369 4372 4898
54 207 221 739 880 1038 1045 1289 1301 1344 1355 1497 1706 1796 1881 2092 2096 2304 2450 2620 2748 3045 3085 3303 3504 3808 3911 4027 4143 4340 4549 4592 4714 4726 4733 4820
54 401 415 659 985 1050 1222 1334 1433 1661 1751 1815 2007 2029 2062 2411 2456 2500 2727 2814 2820 2855 3321 4175 4335 4654
54 219 222 260 454 536 763 818 879 905 993 999 1456 1544 1563 2064 2105 2204 2551 2555 2607 2652 2665 2678 2679 2991 3018 3286 3498 3543 3544 3745 3832 3855 3957 4141 4233 4313 4591 4641 4673 4695 4878 4945
55 97 201 216 362 372 474 793 856 977 992 1162 1184 1242 1274 1311 1374 1397 1457 1488 1505 1630 1659 2102 2129 2202 2208 2309 2330 2349 2358 2367 2463 2472 2639 2692 2794 2800 2835 2903 3030 3141 3397 3533 3574 3651 3661 3767 3797 3881 3974 4003 4253 4266 4280 4288 4494 4594 4609 4635 4665 4707 4742 4759 4894 4954 4980
57 153 232 361 487 914 1048 1150 1198 1301 1334 1503 1652 1816 1826 2396 2758 2883 2946 3005 3013 3541 3908 4137 4220 4351 4496 4536 4731
58 294 453 564 963 976 1214 1261 1277 1444 1587 1597 1797 1897 1939 2183 2234 2282 2295 2544 2708 3057 3212 3271 3273 3281 3556 3633 3635 3657 3709 4133 4173 4403 4531 4535 4643 4656 4753 4764 4847
61 254 305 402 436 506 512 571 591 660 681 728 846 861 1088 1203 1306 1365 1634 1635 1652 1654 1750 1788 1946 2058 2268 2408 2416 2638 2766 2776 2811 2886 2953 3057 3098 3206 3208 3229 3283 3327 3354 3401 3543 3682 3742 3840 3889 3896 3898 3916 4165 4213 4492 4520 4666 4714 4846 4941 4957 4961 4984
65 265 311 503 549 750 756 819 820 873 1080 1185 1252 1348 1579 1864 1911 1915 1942 2041 2051 2093 2267 2283 2310 2392 2594 2628 2630 2649 2665 2820 2859 3157 3372 3393 3525 3938 3978 4055 4129 4145 4448 4465 4492 4512 4553 4616 4807 4923 4953
65 201 349 368 924 1082 1188 1363 1767 1847 1978 2288 2299 2618 2685 2753 2779 2909 3044 3048 3142 3218 3222 3340 3575 3747 3787 3807 3905 4070 4109 4770 4989
65 164 265 709 771 891 1061 1426 1650 1810 1956 1991 2164 2280 2687 2714 2976 3008 3088 3298 3304 3445 3722 3793 3916 3936 4090 4288 4409 4411 4460 4462 4477 4566 4574 4628 4940
65 109 133 182 190 194 245 286 318 319 326 452 500 689 696 720 842 983 1155 1157 1172 1205 1352 1451 1452 1480 1484 1533 1566 1600 1696 1753 1784 1844 1886 2118 2219 2262 2297 2300 2308 2341 2346 2350 2366 2408 2447 2472 2640 2713 2721 2751 2779 2814 2923 2979 2989 3003 3049 3163 3167 3169 3222 3229 3236 3251 3262 3300 3344 3460 3488 3497 3639 3682 3727 3871 3884 3929 3978 4077 4111 4114 4139 4237 4246 4253 4275 4330 4341 4459 4704 4770 4866 4878 4922 4937 4945 4966
66 169 213 370 446 452 562 617 963 1025 1035 1058 1241 1371 1426 1611 1662 1751 1757 1791 1825 1889 1894 2225 2362 2395 2408 2451 2460 2819 2897 3086 3204 3213 3257 3280 3419 3421 3528 3619 3630 3670 3682 3856 3880 4252 4275 4563 4620
68 90 126 170 193 323 351 547 605 630 634 769 837 897 904 950 1031 1248 1302 1388 1402 1497 1542 1650 1703 1713 1796 1823 1858 1878 1885 1945 1947 2080 2260 2267 2377 2421 2548 2612 2618 2621 2719 2753 2759 2972 3020 3231 3233 3275 3292 3308 3320 3341 3435 3454 3649 3721 3790 3796 3884 3885 4216 4352 4377 4512 4558 4962
69 220 257 325 340 452 487 496 506 644 650 695 714 793 914 917 935 1030 1107 1110 1114 1126 1144 1165 1195 1299 1308 1337 1372 1390 1514 1636 1646 1652 1744 1766 1808 1864 2010 2096 2127 2144 2239 2263 2407 2438 2526 2602 2653 2832 2862 2946 2972 3073 3166 3239 3302 3421 3435 3497 3522 3612 3617 3618 3687 3806 3830 3964 3967 3981 3986 4041 4083 4124 4137 4207 4227 4295 4313 4314 4391 4424 4437 4456 4467 4614 4616 4637 4645 4753 4767 4789 4797 4919 4970
71 145 194 195 285 351 397 453 508 678 887 913 926 930 1008 1055 1056 1093 1201 1235 1288 1386 1396 1422 1466 1566 1626 1800 1907 1931 1943 1965 1989 2078 2151 2310 2331 2414 2843 2915 2967 2970 3013 3222 3268 3297 3313 3349 3399 3408 3563 3577 3639 3726 3756 3827 3885 3934 3998 4065 4092 4161 4199 4210 4254 4271 4341 4394 4451 4496 4576 4586 4633 4692 4746 4778 4794 4801 4988 4998
72 265 322 394 446 458 543 719 736 742 786 837 901 949 1371 1377 1502 1563 1843 2081 2132 2187 2368 2379 2381 2494 2753 2874 3004 3007 3043 3134 3220 3238 3356 3456 3494 3614 3880 3892 4031 4086 4118 4178 4219 4352 4368 4381 4428 4464 4483 4541 4834 4865 4907
73 130 330 392 404 414 690 698 734 804 868 1030 1187 1281 1332 1488 1521 1725 1784 1791 1948 1965 2058 2411 2420 2528 2537 2587 2602 2700 2839 2888 2916 2937 2955 3376 3423 3517 3870 4318 4348 4367 4395 4486 4639 4663 4905 4929
74 169 193 257 287 336 391 409 500 520 793 957 1092 1111 1139 1187 1285 1403 1477 1552 1661 1700 1727 1749 1882 2042 2058 2184 2192 2225 2228 2236 2675 2689 2894 3201 3361 3400 3722 3726 3806 3891 4174 4224 4244 4260 4301 4367 4380 4439 4538 4569 4579 4602 4918 4940 4945 4970 4995
76 110 237 267 301 363 509 655 666 690 738 864 906 909 1047 1125 1195 1598 1616 1706 1910 1920 2038 2158 2310 2350 2661 2856 2880 3205 3417 3443 3828 3939 3948 3992 4550 4553 4742
78 263 315 772 801 833 849 927 1002 1004 1011 1094 1117 1221 1366 1553 1654 1916 1981 2078 2527 2845 2891 3176 3225 3259 3261 3521 3743 3782 3835 3867 4180 4345 4542 4635 4676 4718 4878
79 169 648 741 1195 1339 1343 1372 1375 1696 2494 2580 2688 2769 2854 2855 3432 3452 3498 3703 3785 3876 3880 4597
83 127 213 256 271 277 328 345 586 638 730 1187 1340 1420 1646 2038 2096 2145 2238 2423 2544 2849 3003 3055 3072 3143 3149 3153 3252 3383 3745 3897 4162 4204 4360 4520 4717
83 259 387 396 481 567 614 622 655 931 1055 1091 1148 1334 1387 1399 1488 1683 1713 1716 1784 1818 1970 2310 2382 2443 2499 2678 2722 2759 2803 2814 2992 3050 3056 3128 3258 3306 3880 4245 4611 4704 4781 4969
88 112 163 191 221 229 253 295 365 380 404 408 409 424 426 432 434 478 634 645 682 730 818 1012 1028 1055 1081 1174 1293 1328 1405 1431 1538 1578 1672 1733 1754 1758 1791 1820 1953 2005 2024 2042 2057 2179 2344 2370 2375 2401 2426 2430 2435 2642 2704 2852 2925 2947 2990 2993 3118 3196 3286 3647 3738 3773 3863 3918 3933 3945 4000 4217 4341 4395 4399 4432 4592 4793 4828 4848 4959 4972 4978 4993
92 296 612 645 980 990 1121 1282 1286 1318 1361 1393 1471 1473 1896 1927 2159 2294 2900 2980 3000 3026 3841 3991 4015 4027 4030 4136 4172 4217 4416 4511 4668 4755 4781 4810 4940
93 135 184 194 260 285 291 378 566 696 1007 1306 1344 1649 1678 1744 1790 1825 1935 2035 2079 2171 2185 2186 2218 2223 2228 2257 2328 2545 2552 2973 3220 3222 3464 3726 3825 3987 4152 4324 4553 4770 4782 4850 4954
94 104 541 1163 1261 1455 1568 1952 2090 2446 2459 2665 2729 3074 3451 3625 3752 4138 4219 4253 4348 4457
97 101 495 614 963 1013 1041 1146 1506 1558 1566 1760 1864 1875 2442 2538 2663 2832 2927 2931 3042 3573 3915 4034 4136 4220 4352 4540 4605 4708 4733
98 105 243 298 498 501 677 715 846 1081 1082 1233 1256 1261 1315 1331 1498 1917 2006 2189 2316 2648 3054 3175 3333 3415 3466 3534 3709 3791 3978 4054 4099 4187 4199 4305 4438 4455 4469 4485 4627 4647 4660 4762
101 255 300 450 552 553 790 925 956 1137 1233 1271 1330 1413 1548 1632 1639 1713 1740 1817 1918 1965 1975 2033 2065 2181 2299 2348 2353 2411 2557 2848 2899 3154 3252 3260 3330 3394 3437 3467 3706 3709 3804 3870 4217 4227 4316 4332 4531 4570 4595 4744 4764 4882 4933 4957
101 186 295 886 991 1070 1163 1239 1277 1284 1298 1515 1613 1777 1782 2105 2107 2117 2172 2216 2249 2616 3057 3080 3725 3909 3975 3993 4073 4382 4519 4982
103 108 189 237 285 454 500 758 877 1235 1281 1372 1985 2225 2352 2541 2552 2566 2586 2824 2944 3014 3035 3130 3428 3557 3608 3822 3988 4043 4095 4136 4284 4395 4707
117 168 321 445 586 632 870 927 1186 1223 1316 1565 1596 1635 1791 1861 2303 2377 2543 2559 2578 2583 2609 2808 2854 2996 3148 3157 3251 3276 3368 3554 3783 3872 3937 4410 4465 4531 4610 4675
122 213 216 295 316 431 589 696 1006 1064 1116 1250 1255 1298 1542 1564 1716 1745 1763 1964 2023 2178 2221 2278 2350 2472 2489 2553 2601 2825 2858 2904 2912 2923 3053 3196 3420 3806 3885 4008 4098 4218 4276 4395 4704 4728 4771
124 134 137 143 193 270 285 303 359 376 408 494 655 670 798 802 914 1006 1017 1053 1055 1133 1167 1171 1197 1261 1295 1303 1306 1346 1369 1665 1751 1791 1884 1903 1919 1967 2005 2106 2337 2379 2415 2509 2614 2615 2616 2695 2746 2786 2848 2883 3048 3058 3188 3251 3286 3362 3628 3748 4038 4100 4160 4201 4220 4341 4360 4437 4480 4518 4586 4615 4680 4689 4707 4787 4884 4899 4923 4943
125 138 168 315 384 388 400 404 615 678 696 751 780 1018 1496 1558 1582 1646 1703 1825 1864 1913 1916 1920 1986 2044 2139 2149 2179 2208 2214 2246 2329 2469 2678 2759 2798 2802 2850 2867 2878 2912 2991 3054 3136 3170 3181 3304 3401 3418 3449 3506 3513 3540 3543 3572 3586 3591 3704 3708 3718 3742 3767 3903 3974 3978 4179 4220 4336 4530 4589 4822 4823 4835 4838
129 194 195 211 290 550 586 627 699 962 1082 1098 1321 1378 1506 1516 1630 1637 1685 1787 1796 1902 1916 2012 2040 2088 2130 2301 2307 2358 2464 2479 2517 2549 2602 2616 2699 2776 2818 2819 2829 2832 2866 2906 2963 3016 3076 3103 3152 3190 3209 3521 3614 3618 3662 3679 3691 3766 3868 3902 3916 4150 4167 4256 4288 4331 4388 4403 4419 4425 4455 4471 4484 4501 4505 4663 4739 4772 4799 4800 4963
131 224 237 399 404 551 555 634 739 854 869 998 1147 1298 1344 1381 1421 1425 1429 1532 1560 1794 1868 1965 2054 2105 2187 2307 2495 2601 2815 2875 2922 3028 3229 3277 3371 3374 3494 3608 3676 3758 3767 3781 3908 3974 4033 4455 4512 4542 4549 4633 4663 4679 4738 4760 4923 4948
132 223 308 386 408 805 1235 1408 1426 1710 1771 1953 2013 2164 2189 2213 2299 2602 2750 2787 2808 3501 3519 3769 4520 4764 4776 4866 4898 4932
133 210 214 288 416 585 807 827 837 946 974 1268 1319 1330 1499 1730 2706 3611 3719 4397 4437 4445 4566 4604 4689
133 406 463 500 614 696 703 775 845 951 1236 2111 2187 2358 2650 3039 3380 3435 3599 3656 3736 3751 3815 3879 3884 3978 4067 4270 4335 4455 4465 4743
133 243 586 593 629 634 680 821 944 1032 1081 1089 1158 1266 1482 1494 1542 1701 1768 1774 1794 1796 1842 1894 1936 2000 2056 2110 2293 2306 2368 3013 3038 3078 3114 3283 3348 3452 3778 3908 4030 4074 4153 4210 4281 4303 4366 4367 4570 4801 4986
134 193 242 243 260 793 936 1141 1183 1245 1270 1306 1517 1563 1648 1713 1735 1852 2164 2170 2339 2467 2507 2530 2804 2926 3091 3128 3197 3415 3438 3519 3571 3592 3618 3926 4013 4104 4177 4217 4305 4354 4426 4528 4644 4898 4923
134 148 494 633 1361 1436 1717 1910 2176 2305 2457 2472 2753 2840 2860 3075 3358 3730 4037 4182 4252 4272 4386
134 175 232 238 269 282 346 403 506 696 767 797 883 1138 1275 1314 1371 1389 1477 1534 1586 1601 1699 1712 1713 1737 2018 2123 2218 2238 2318 2339 2377 2529 2710 2971 2999 3016 3058 3130 3196 3264 3272 3352 3388 3461 3515 3683 3732 3837 4115 4122 4193 4288 4452 4476 4626 4664 4694 4711 4780 4837 4892
134 154 243 370 371 503 649 789 836 927 1095 1254 1296 1380 1393 1464 1522 1558 1752 1863 1976 1995 2071 2307 2312 2399 2437 2495 2584 2610 2618 2683 2779 2812 2820 2838 2882 2898 2975 3029 3066 3067 3160 3168 3189 3226 3331 3410 3537 3640 3677 3678 3753 3761 3767 3809 3845 4007 4049 4091 4136 4218 4300 4307 4323 4395 4434 4443 4545 4625 4762 4858 4860 4907
136 358 372 489 857 1030 1335 1653 1714 1752 1901 2148 2332 2333 2655 2797 2947 3184 3196 3459 3482 3578 3588 3760 3806 3859 4009 4097 4164 4712
139 156 177 653 1224 1271 1466 1658 1694 1710 1772 2037 2276 2417 2474 2579 2732 2795 2814 3058 3196 3217 3680 3795 4008 4233 4265 4341 4525
144 201 336 390 570 623 809 828 978 986 1361 1426 1594 2072 2238 2247 2393 2561 2618 2642 2714 2768 2905 3051 3229 3346 3349 3589 3742 3744 4030 4282 4302 4313 4564 4807 4887
146 315 320 372 746 812 966 1008 1344 1426 1592 1651 1878 3022 3130 3228 3462 3908 4128 4325 4360 4361 4420 4580 4685 4691
160 331 661 862 931 1005 1079 1088 1298 1635 2863 3166 3193 3301 3432 3521 3885 4046 4219 4527 4570 4762
161 511 606 789 1251 1445 1500 1622 1650 1843 1850 1856 2038 2066 2495 2545 3029 3128 3314 3517 3812 3869 4166 4356 4423 4663
162 225 254 382 433 1107 1246 1426 1566 1735 2067 2187 2280 2316 2824 2895 3010 3011 3209 3211 3325 3484 3987 4121 4137 4180 4233 4305 4323
168 231 241 275 295 393 529 546 693 757 761 1022 1371 1509 1752 1813 2115 2259 2286 2310 2317 2720 2737 2801 2837 2881 2935 3012 3031 3086 3157 3253 3456 3532 3622 3854 4249 4753 4902 4927 4945 4954
169 221 233 293 315 446 574 690 766 901 942 945 1025 1051 1105 1177 1438 1453 1501 1543 1578 1628 1654 1664 1887 1894 2004 2011 2014 2020 2060 2218 2408 2476 2552 2627 2741 2834 2842 2853 2854 2860 3059 3137 3150 3156 3157 3220 3224 3278 3290 3329 3608 3624 3668 3966 3971 3983 4031 4103 4230 4313 4376 4487 4635 4677 4700 4786 4804 4805 4849 4923
169 248 372 503 568 587 1104 1443 1579 1735 2026 2119 2131 2266 2303 2496 2759 2861 2946 3002 3135 3203 3611
178 205 206 210 260 292 576 589 680 754 858 949 1010 1029 1054 1212 1384 1506 1542 1566 1575 1627 1735 1832 1929 1947 2009 2030 2087 2096 2123 2138 2280 2313 2350 2358 2361 2413 2443 2659 2674 2748 2820 2855 2883 2940 2987 3090 3118 3170 3288 3311 3369 3392 3496 3521 3567 3570 3672 3675 3745 3770 3842 3935 3974 4004 4020 4210 4259 4328 4473 4478 4735 4791 4821 4826 4843 4898 4924
181 201 213 232 294 355 788 1103 1207 1610 1726 1744 1747 1757 1777 1883 1894 2070 2115 2673 2964 3118 3202 3381 3726 3866 3893 4252
185 285 616 718 744 803 914 931 1250 1323 1468 1953 1977 2059 2492 2770 3139 3164 3430 3497 3563 3901 4195 4289 4299 4442 4520 4587 4674
194 195 214 234 254 306 315 328 408 644 665 708 722 853 982 1006 1026 1102 1224 1298 1364 1395 1591 1972 2005 2033 2130 2135 2205 2282 2616 2656 2678 3068 3072 3118 3159 3252 3341 3538 3623 3711 3717 3775 4027 4045 4079 4182 4329 4512 4686 4689 4938 4979 4989
197 257 377 484 485 531 678 735 818 841 901 960 966 1168 1187 1248 1301 1347 1379 1497 1508 1554 1752 1877 1910 2042 2114 2168 2236 2327 2350 2372 2397 2841 2942 3167 3286 3481 3994 4018 4029 4085 4191 4495 4499 4518 4549 4583 4586 4599 4631 4633 4648 4704 4721 4866 4889 4896 4911 4935 4964 4993
198 211 258 417 666 724 742 913 980 1176 1488 1531 1992 2130 2438 2627 3551 3611 3906 3984 4101 4490 4557 4763 4866
203 302 413 518 584 766 784 971 1085 1226 1271 1519 1671 2078 2598 2651 2731 2950 3379 4008 4298 4531 4612 4709 4764 4881
210 244 312 374 444 527 554 588 678 867 890 955 1211 1224 1271 1477 1554 1633 1702 1707 1770 1771 1830 1878 1895 1898 1905 1924 1928 2005 2106 2115 2162 2180 2280 2316 2378 2383 2495 2498 2567 2618 2753 2779 2792 2887 2991 3055 3220 3249 3273 3349 3390 3412 3546 3659 3684 3686 3722 3852 4105 4115 4146 4198 4261 4308 4348 4447 4495 4618 4810 4831 4945 4973
211 389 404 506 640 795 822 1334 1554 1706 1746 1777 2758 2776 2948 2972 3198 3406 3601 3690 3783 3788 4081 4328 4395 4687 4707
212 600 1301 1432 1489 1635 1641 1703 1843 1894 2374 2489 2490 2635 2666 2824 3102 3143 3453 4115 4142
214 257 263 294 428 491 492 610 655 739 744 1008 1154 1195 1298 1338 1483 1511 1579 1581 1679 1963 1971 1987 2091 2164 2267 2271 2355 2384 2511 2738 2753 2947 2956 3114 3167 3210 3232 3402 3434 3435 3458 3493 3501 3552 3731 3739 3750 3903 3955 4048 4125 4311 4366 4548 4733 4952
216 217 654 672 713 808 937 995 1077 1249 1359 2359 2714 2855 3107 3364 3473 3850 4463 4512 4704 4762 4764
216 393 494 499 687 700 766 874 1081 1084 1120 1123 1129 1240 1272 1563 1621 2228 2251 2281 2299 2339 2356 2385 2405 2411 2465 2480 2507 2686 2718 2748 2763 3048 3220 3243 3416 3580 3626 3642 3735 3938 4001 4188 4194 4491 4518 4670 4868
218 594 710 726 745 918 1049 1108 1579 1606 1860 2017 2052 2438 2485 2775 2819 3273 3472 3926 4742
232 422 626 744 845 987 1200 1411 1461 1535 1661 1668 2061 2195 2200 2232 2233 2505 2568 2627 2828 2854 2890 3174 3256 3432 3572 3687 3884 4277 4293 4315 4337 4427 4688 4802 4819 4940
240 453 592 662 782 952 1023 1122 1128 1213 1358 1646 1683 2027 2243 2758 3013 3111 3185 3644 3813 4137 4264 4540 4634
241 526 569 700 866 880 915 1273 1697 1920 2089 2125 2277 2290 2546 2759 2786 2872 2918 3273 3310 3549 3583 3614 3974 4031 4403 4413 4898
246 485 644 685 748 749 752 814 823 931 938 1074 1223 1306 1330 1710 1751 1867 2055 2122 2192 2208 2258 2439 2443 2444 2491 2539 2632 2819 3027 3126 3155 3349 3643 3671 3726 3761 3888 3904 4052 4136 4163 4180 4182 4186 4188 4267 4352 4504 4616 4810 4881
265 535 557 786 1142 1202 1230 1327 1652 1941 2189 2283 2335 2378 2586 3016 3125 3409 3566 3836 3928 4028 4252 4592 4733
271 299 452 678 845 1235 1394 1477 2486 2536 2636 3079 3086 3294 3377 3446 3476 3903 4496 4545
271 317 492 509 539 556 647 810 833 900 975 1118 1233 1250 1447 1557 1615 1809 1843 1865 1894 1900 1978 1979 1993 2130 2194 2231 2299 2339 2390 2458 2586 2619 2714 2736 2758 2769 2774 2788 2810 2822 2860 2865 2877 3114 3201 3396 3403 3553 3565 3576 3763 3767 3926 3997 4136 4210 4251 4348 4461 4529 4553 4689 4701 4705 4919 4991
294 427 464 488 540 789 839 1170 1513 1676 1997 2245 2476 3252 3274 3611 3705 3716 4586 4601 4663 4807
295 509 560 651 657 675 701 740 742 781 791 831 845 933 988 1006 1008 1026 1159 1265 1272 1282 1477 1692 1705 1752 1764 1893 2038 2072 2073 2179 2299 2311 2339 2544 2627 2697 2840 2939 3016 3095 3195 3250 3283 3317 3475 3495 3527 3531 3632 3657 3715 3759 3908 3951 4098 4383 4420 4573 4590 4733 4742 4817 4909 4931 4947 4955
328 354 702 744 764 782 818 1149 1210 1635 1720 1794 1892 2191 3069 3099 3118 3382 3421 3471 3494 3508 3520 3524 3681 3903 3965 4008 4144 4258 4342 4643 4783
329 494 559 667 1558 1645 1841 1938 2053 2696 2742 2901 3105 3241 3499 3792 3799 3916 3926 4182 4412 4465 4575
334 534 645 786 1330 1385 1404 1417 1439 1460 1527 1540 1654 1736 1751 1793 1848 1941 2368 2574 2647 2665 2693 2707 2761 2817 2893 2923 3015 3039 3057 3086 3180 3187 3367 3415 3422 3432 3457 3519 3539 3543 3667 3682 3728 3784 3806 3894 4039 4055 4098 4188 4266 4436 4503 4518 4533 4544 4553 4658 4710 4742 4753 4888 4942 4993
344 476 1087 1609 1646 1777 1794 1855 1871 1937 1964 2131 2642 2724 2914 2998 3479 3745 4140 4227 4474 4518
453 697 1301 1372 1474 1917 2533 2947 3086 3254 3425 3605 3776 3916 3993 4021 4087 4218 4326 4437 4514 4556
454 459 574 800 1034 1330 1495 1530 1730 1771 1793 1851 2068 2157 2192 2319 2378 2427 2592 2748 2814 2864 2908 2957 3246 3501 3698 4013 4030 4168 4245 4397 4812
455 824 1803 1971 2212 2556 2563 2756 2860 3201 3214 3226 3432 3648 4069 4335 4373 4510 4763 4932
487 683 961 1003 1055 1304 1703 2130 2189 2368 2416 2482 2819 3048 3814 3946 4366 4742 4829 4989
500 544 901 970 979 1006 1040 1195 1261 1716 1793 2034 2208 2475 2493 2494 2540 2664 2913 2928 3043 3054 3063 3245 3386 3499 3618 3620 3737 3846 4115 4236 4319 4414 4520 4547 4555 4879 4881
548 580 744 1030 1228 1576 1791 1840 1843 1921 2280 2633 3058 3230 3401 3709 3884 4027 4360 4422 4489 4982
753 843 898 1088 1819 1990 2121 2544 2552 2758 2994 3056 3145 3151 3263 3283 3465 3490 3844 4310 4334 4549
833 1025 1119 1152 1181 1282 1361 1512 1688 2146 2473 2524 2791 2878 3722 3765 3958 4199 4429 4801
