1 252 306 434 471 483 495 533 793 853 921 1096 1180 1288 1500 1547 1688 1694 1743 1761 1838 1902 1946 2237 2257 2268 2303 2357 2430 2434 2596 2677 2750 2880 2995 3063 3243 3264 3333 3338 3385 3406 3478 3485 3659 3762 3867 3947 3966 4227 4294 4306 4406 4508 4570 4639 4741 4764 4808 4861 4862
2 141 142 202 251 285 380 610 941 990 1075 1196 1222 1472 1550 1755 1877 2110 2116 2150 2396 2403 2448 2477 2599 2658 2896 2969 3037 3178 3228 3328 3382 3593 3723 3782 3785 3892 3935 4009 4355 4534 4565 4583 4700 4783 4809 4849 4874 4953
3 234 879 886 1144 1445 1558 1940 1991 2171 2387 2547 2585 2807 2920 3313 3377 3564 3739 4322 4899
4 373 381 385 408 439 468 483 513 530 651 671 714 732 770 822 852 867 930 948 996 1001 1032 1209 1234 1297 1325 1359 1375 1484 1593 1628 1765 1795 1804 1921 1935 2113 2135 2203 2232 2310 2321 2337 2404 2502 2514 2519 2557 2568 2570 2593 2601 2603 2640 2667 2691 2804 2895 2947 3082 3368 3372 3376 3380 3405 3419 3439 3589 3617 3673 3785 3791 3799 3835 3947 3973 3991 4157 4190 4270 4356 4382 4386 4406 4598 4601 4659 4689 4696 4700 4861 4872 4907 4932
4 297 537 628 662 743 1010 1149 1155 1284 1398 1550 1778 1936 2166 2197 2227 2482 2646 2703 2914 2979 3289 3372 3436 3540 4177 4606 4704 4721 4772
4 198 202 347 357 475 556 712 840 1033 1381 1494 1808 1999 2425 2500 3065 3188 3307 3619 3674 3961 4244 4333 4932
4 204 249 271 283 291 503 536 560 589 647 746 776 836 968 1044 1091 1099 1112 1251 1354 1392 1411 1442 1567 1611 1658 1700 2032 2120 2438 2660 2679 2727 2728 2812 2835 2984 3194 3289 3303 3386 3483 3636 3656 3759 4082 4202 4509 4554 4661 4879
4 131 303 318 392 489 634 870 898 1107 1167 1396 1409 1485 1513 1580 1706 1773 1865 1878 1930 2046 2053 2203 2303 2345 2437 2551 2563 2680 2727 3102 3300 3739 4168 4296 4626 4764 4808 4841 4858 4861
4 144 161 224 278 337 409 530 699 720 747 757 1065 1163 1277 1285 1298 1424 1445 1456 1534 1546 1686 1770 1806 1857 2055 2187 2475 2517 2583 2686 2727 2852 2897 2907 3013 3014 3042 3152 3319 3328 3336 3373 3506 3832 3853 4005 4108 4161 4188 4399 4537 4667 4982 4994
4 54 155 267 307 319 357 371 381 519 633 644 658 660 792 794 957 960 1159 1164 1219 1401 1531 1667 1719 1866 1897 1901 1982 2026 2102 2163 2164 2279 2345 2368 2430 2449 2529 2547 2678 2699 2759 2826 2845 2894 3013 3055 3206 3233 3327 3368 3466 3509 3608 3624 3664 3674 3688 3801 3806 3810 3899 3924 3940 3996 4050 4077 4082 4107 4123 4160 4382 4568 4583 4651 4689 4700 4768 4791 4794 4909 4934 4968
4 170 288 314 402 416 497 530 745 822 829 835 870 1001 1030 1049 1056 1058 1188 1229 1260 1299 1374 1376 1429 1455 1475 1495 1558 1561 1571 1647 1650 1673 1694 1701 1832 1863 1891 1923 2003 2045 2046 2124 2163 2178 2198 2321 2365 2366 2580 2596 2614 2713 2769 2834 2869 2904 2930 3027 3109 3136 3137 3178 3263 3479 3562 3670 3706 3887 3921 4082 4161 4230 4246 4273 4283 4306 4331 4458 4478 4485 4521 4557 4598 4627 4707 4808 4862 4866 4968 4982
5 29 111 809 888 1001 1196 1466 1564 1567 1574 1650 1668 1933 2045 2131 2451 2469 2502 2727 2759 2785 2838 2935 2942 3206 3217 3260 3274 3546 3598 4037 4083 4281 4453 4496 4579 4610 4632 4757 4772 4949
6 9 16 73 156 181 202 210 223 250 260 278 448 683 731 768 870 942 1004 1072 1092 1104 1113 1153 1175 1250 1251 1390 1397 1553 1567 1701 1721 1773 1805 1833 1916 2075 2093 2154 2163 2214 2260 2309 2454 2502 2532 2545 2642 2650 2678 2733 2759 2760 2773 2840 2868 2880 3069 3100 3201 3228 3341 3381 3396 3411 3427 3494 3519 3568 3603 3616 3647 3751 3770 3794 3808 3935 4081 4123 4177 4258 4303 4315 4534 4537 4737 4750 4771 4794 4814 4820 4901 5000
7 13 73 142 163 278 391 483 485 669 776 809 811 812 836 887 892 1160 1192 1416 1434 1490 1622 1625 1635 1642 1650 1659 1866 1955 2032 2040 2085 2105 2201 2240 2256 2266 2279 2369 2393 2461 2502 2529 2547 2595 2599 2601 2639 2643 2749 2804 2996 3077 3105 3122 3227 3250 3437 3457 3466 3494 3495 3507 3509 3587 3620 3673 3783 3800 3812 3883 3903 3931 3935 4083 4177 4207 4275 4327 4347 4386 4445 4512 4541 4551 4635 4661 4672 4734 4760 4792 4829 4834 4844 4908 4923 4957
8 141 163 326 369 405 503 522 547 564 663 671 737 792 919 1063 1080 1214 1335 1374 1412 1456 1464 1550 1566 1617 1625 1675 1736 1759 1769 1777 1816 1864 1953 1955 1985 1987 2220 2281 2284 2379 2397 2411 2430 2490 2505 2608 2659 2695 2826 2896 2915 2917 3017 3034 3038 3194 3210 3268 3280 3327 3368 3385 3424 3452 3473 3495 3519 3532 3603 3604 3690 3759 3787 3798 3814 3861 3862 3914 3987 3991 4088 4197 4237 4425 4429 4435 4460 4534 4659 4794 4800 4867 4924 4941 4964
10 17 42 101 160 165 405 498 601 669 687 700 809 812 822 867 1098 1133 1157 1351 1378 1397 1473 1546 1622 1668 1728 1773 1821 1843 1846 1871 1992 2049 2115 2224 2294 2424 2574 2645 2646 2848 2927 3153 3193 3198 3327 3366 3487 3495 3609 3635 3674 3838 4016 4121 4195 4198 4281 4297 4388 4478 4543 4768 4798 4814 4882 4906
11 179 277 363 718 740 776 806 991 1005 1161 1180 1461 1475 1793 1970 2307 2454 2636 2686 3038 3563 3671 3748 4276 4320 4559 4595 4671 4890
12 343 460 738 854 994 1038 1044 1202 1305 1507 1762 1866 2000 2686 2687 2907 2909 2975 3130 3171 3276 3359 3635 3716 3733 4153 4242 4588 4651
14 23 199 459 870 990 1082 1145 1547 1694 1929 2157 2222 2461 2463 2652 2718 2901 2937 3032 3141 3341 3514 3621 3624 3635 3705 4059 4257 4281 4368 4374 4664 4750 4874 4899 4957
15 41 163 228 232 326 520 633 751 758 794 820 876 1821 1847 2508 2725 2805 2816 2839 3135 3160 3245 3553 3599 4188 4534 4574 4732 4906 4985
18 411 500 1214 1439 1650 1685 1784 2028 2387 2477 2502 2645 2896 3277 3455 3495 3575 3901 3902 3958 4106 4123
19 54 120 129 150 155 208 216 238 353 439 484 619 628 642 648 742 747 770 772 836 888 1051 1055 1164 1214 1274 1374 1408 1413 1457 1482 1565 1590 1595 1667 1702 1717 1725 1852 2040 2046 2049 2065 2081 2142 2160 2174 2193 2196 2234 2237 2238 2253 2345 2505 2576 2596 2800 2883 2907 2980 3002 3158 3201 3376 3413 3426 3475 3561 3606 3617 3671 3674 3849 4011 4080 4082 4215 4245 4281 4314 4361 4452 4591 4666 4671 4688 4762 4808 4893 4920 4957
20 54 62 149 156 247 307 308 325 377 398 419 433 536 561 585 603 731 942 946 959 994 1033 1148 1285 1322 1361 1375 1420 1525 1527 1546 1555 1559 1687 1733 1747 1798 1815 1965 2046 2049 2200 2284 2288 2312 2315 2445 2522 2574 2583 2622 2634 2678 2756 2819 2828 2906 3013 3201 3220 3507 3519 3559 3562 3587 3722 3751 3782 3889 3923 3935 4004 4073 4174 4183 4281 4395 4464 4481 4537 4604 4614 4775 4808 4834 4906 4962 4983
21 199 334 357 520 862 907 1059 1169 1219 1245 1401 1567 2032 2033 2432 2609 2944 3042 3805 4476 4516 4985
22 67 113 364 494 556 653 770 920 1061 1591 1897 2374 2448 2554 2676 2716 3302 3392 3399 3448 3509 3514 3988 4012 4090 4519
24 44 52 178 226 245 371 382 652 694 717 756 770 944 1003 1057 1153 1167 1196 1208 1397 1482 1486 1528 1636 1730 1987 2029 2130 2201 2218 2290 2294 2543 2596 2630 2883 3014 3045 3107 3502 3532 3567 3588 3689 3816 3887 3918 3928 3982 4059 4188 4319 4482 4579 4658 4728 4756 4764 4827 4906 4985
25 55 127 156 178 422 473 528 669 738 836 906 973 1033 1044 1294 1456 1582 1645 1667 1693 1897 1921 1950 2012 2045 2448 2509 2616 2619 2658 2677 2691 2849 2905 2958 3027 3328 3353 3372 3471 3732 3762 3790 3842 3969 4021 4119 4128 4198 4304 4382 4383 4720 4742 4746 4902 4913
26 67 158 482 501 627 638 650 817 946 959 996 1033 1195 1516 1570 1739 1761 2055 2105 2203 2218 2221 2257 2277 2284 2348 2461 2625 2641 2667 2686 2740 2840 2963 3081 3107 3143 3246 3312 3328 3365 3385 3393 3415 3435 3555 3617 3696 3739 3763 3840 3926 3978 4060 4066 4107 4161 4190 4268 4498 4545 4566 4648 4794 4841 4894 4918 4932 4982
27 316 759 836 1075 1153 1557 1665 1686 1758 1795 1840 1901 1912 2124 2233 2370 2421 2599 3042 3542 3619 3680 4143 4228 4306 4333 4342 4530 4575 4673 4750 4848
28 53 135 165 261 357 474 596 640 645 646 706 793 836 841 863 919 924 998 1268 1401 1456 1522 1736 1752 1761 1780 1827 1855 1962 2228 2480 2509 2529 2645 2686 2726 2783 2793 2802 2837 2863 2921 2969 3009 3228 3265 3455 3488 3495 3567 3578 3619 3735 3896 3970 4186 4353 4598 4740 4814 4878 4890 4915 4922 4991
30 155 241 265 297 431 478 619 644 650 738 829 916 949 1079 1204 1269 1531 1659 1696 1896 1955 2071 2142 2154 2175 2226 2363 2435 2440 2495 2607 2759 2804 2831 2877 2941 2944 3015 3293 3385 3466 3545 3603 3618 3656 3717 3736 3913 3954 3991 4382 4545 4621 4713 4874 4994
31 131 354 439 669 681 713 731 768 961 1161 1220 1312 1904 1967 2057 2163 2193 2196 2514 2563 2826 2836 3047 3102 3182 3191 3288 3289 3294 3341 3343 3373 3803 3852 4067 4083 4143 4267 4389 4869
32 73 90 100 159 173 178 501 568 656 711 795 926 996 1029 1148 1171 1234 1420 1513 1519 1547 1571 1640 1789 1987 2014 2042 2093 2110 2162 2385 2451 2495 2667 2832 2838 2993 3013 3039 3194 3221 3338 3552 3614 3671 3796 3922 3952 4083 4257 4297 4440 4576 4579 4633 4661 4671 4730 4899
33 227 374 508 636 671 790 889 1002 1221 1249 1289 1482 1539 1755 1834 1976 2085 2218 2233 2667 3024 3166 3170 3213 3320 3514 3690 3989 4041 4087 4187 4537 4650 4860 4932
34 54 144 173 413 614 765 767 777 788 791 794 836 856 906 912 1237 1297 1316 1367 1385 1396 1420 1513 1528 1547 1554 1678 1686 1710 1734 1735 1756 1779 1804 2093 2209 2218 2245 2332 2410 2477 2624 2658 2809 2889 2907 3104 3146 3168 3192 3208 3298 3305 3376 3463 3507 3519 3541 3568 3575 3673 3701 3702 3751 3874 3880 4102 4129 4224 4267 4321 4325 4359 4393 4406 4470 4525 4534 4562 4579 4593 4617 4624 4651 4658 4740 4750 4788 4871 4908 4968
35 39 167 276 289 388 429 486 606 650 738 762 775 786 1134 1158 1201 1234 1313 1338 1401 1412 1430 1474 1625 1674 1701 1746 1807 1832 1901 1913 1925 1956 2046 2144 2156 2300 2373 2375 2408 2420 2430 2475 2560 2579 2640 2675 2678 2693 2817 3093 3102 3254 3333 3353 3362 3514 3549 3581 3619 3715 3721 3762 3840 3861 3947 4052 4101 4176 4180 4548 4717 4757 4768 4855 4912 4923 4958
36 84 178 330 356 425 440 454 574 583 714 744 759 768 794 818 822 877 1044 1128 1168 1257 1412 1526 1703 1794 1821 1863 1879 1881 1890 1993 2032 2101 2163 2448 2476 2513 2514 2652 2678 2702 2771 2837 2862 3150 3254 3310 3377 3494 3507 3528 3532 3570 3606 3679 3754 3759 3805 3879 3896 3980 4020 4197 4216 4327 4431 4434 4468 4747 4785 4806 4874 4905 4932 4998
37 490 882 1189 1311 1352 1406 1534 1624 1680 1921 2307 2338 2907 2923 3389 3438 3495 3509 3673 3731 3945 4028 4196 4422 4757
38 74 103 155 357 362 381 483 580 644 768 792 829 1161 1314 1342 1374 1471 1567 1626 1694 1863 1994 2055 2105 2124 2284 2451 2500 2583 2826 3289 3340 3486 3664 3703 3827 3841 3872 3991 4041 4205 4296 4532 4683 4861 4875 4926
40 124 142 297 331 342 377 405 439 512 516 562 611 650 661 752 793 865 888 942 1064 1148 1319 1380 1551 1627 1651 1998 2019 2027 2126 2127 2307 2350 2403 2486 2571 2596 2597 2749 2853 2907 3033 3040 3284 3333 3455 3556 3759 3875 3962 4056 4068 4071 4074 4114 4146 4190 4295 4323 4349 4373 4405 4406 4635 4655 4678 4723 4826 4870 4977
43 66 144 253 352 388 458 543 719 747 763 792 793 812 888 914 946 1075 1086 1129 1146 1333 1334 1444 1483 1550 1607 1831 1832 1866 1880 1981 2015 2040 2055 2124 2142 2152 2196 2203 2286 2387 2450 2466 2601 2659 2716 2726 2804 2859 2866 2986 3001 3008 3103 3333 3507 3580 3617 3733 3739 3761 3875 3898 3947 3965 4155 4208 4306 4406 4593 4678 4689 4772 4819 4848 4923
44 67 234 239 297 377 427 463 524 534 588 671 762 792 867 954 1001 1161 1167 1304 1381 1420 1439 1456 1482 1508 1534 1558 1622 1792 2000 2045 2145 2172 2529 2547 2671 2691 2720 2724 2757 2772 2932 2959 3057 3109 3119 3244 3345 3475 3620 4547 4553 4556 4641 4759 4848 4864 4903 4923 4955 4988
44 84 171 300 407 458 473 478 514 517 554 615 669 815 817 824 846 848 867 875 888 910 1012 1024 1063 1236 1386 1397 1432 1456 1483 1533 1674 1744 1748 1803 1862 1954 1966 2100 2119 2304 2341 2356 2430 2451 2554 2574 2575 2652 2796 2829 2918 2925 2962 2988 3022 3073 3091 3125 3152 3261 3316 3321 3377 3426 3605 3620 3635 3659 3705 3741 3771 3808 4013 4062 4271 4288 4314 4409 4445 4595 4732
44 235 336 482 492 626 762 905 1063 1154 1309 1420 1546 1674 1783 1835 2107 2115 2124 2158 2662 2716 3333 3344 3620 3762 4065 4513 4640 4729
44 61 97 201 238 307 437 478 583 706 735 857 883 942 1330 1337 1649 1736 1786 1847 1860 1897 1955 2058 2330 2371 2465 2492 2547 2582 2691 2726 2840 2841 2981 3037 3062 3070 3099 3240 3340 3400 3414 3489 3552 3568 3587 3603 3664 3759 3809 3844 3882 3885 3951 4041 4076 4161 4192 4197 4289 4298 4308 4793 4808 4814 4957
44 197 710 863 897 938 953 1293 1548 1610 1668 1843 1922 2403 2528 2563 3207 3377 3425 3734 3742 3851 3859 4113 4143 4257 4273
44 76 133 148 187 238 346 400 1164 2078 2110 2338 2457 2536 3018 3075 3177 3184 3584 3601 4435 4441 4480 4618
44 96 234 312 516 633 682 906 919 959 1021 1078 1102 1151 1162 1230 1256 1445 1475 1499 1550 1562 1683 1698 1736 1761 1847 1895 2046 2141 2191 2321 2329 2346 2454 2536 2645 2705 2729 2752 2814 2850 2906 3010 3026 3083 3102 3152 3223 3338 3362 3372 3426 3517 3531 3562 3622 3762 3822 3831 4000 4108 4188 4194 4198 4337 4382 4407 4417 4435 4585 4595 4678 4691 4751 4822 4994
45 163 238 473 516 585 668 1044 1298 1482 1497 1571 1666 1670 1995 2118 2124 2200 2387 2688 2991 3144 3197 3301 3372 3587 3664 3786 3845 3933 4236 4313 4386 4394 4541 4671 4750 4753 4765
46 68 156 182 244 255 284 294 359 405 432 464 583 619 743 774 787 792 793 812 829 906 971 1029 1110 1118 1167 1183 1228 1285 1298 1542 1556 1625 1633 1643 1886 1901 1909 2154 2196 2203 2282 2294 2307 2321 2390 2490 2547 2622 2696 2709 2725 2733 2742 2911 3037 3066 3194 3218 3244 3444 3463 3500 3509 3538 3567 3568 3596 3654 3697 3705 3750 3793 3805 3888 3919 4064 4101 4169 4454 4545 4555 4573 4580 4595 4757 4956 4963 4967 4976
47 215 275 347 381 430 520 874 1300 1317 1531 1680 1788 1943 2018 2134 2278 2468 2809 3254 3332 3357 3455 3667 3808 3850 4018 4070 4109 4135 4402 4500 4526 4847 4943
48 64 85 173 204 213 391 458 536 537 578 607 628 631 650 829 831 870 888 994 1158 1165 1210 1225 1325 1374 1393 1439 1560 1564 1674 1799 1843 1958 2192 2204 2236 2427 2505 2838 2886 2995 3038 3147 3148 3163 3204 3205 3342 3591 3686 3692 4031 4307 4335 4367 4376 4436 4481 4689 4711 4814 4979 4982 4986
49 54 391 473 520 643 701 755 759 768 777 817 1033 1075 1161 1507 1604 1634 1742 1847 1880 1889 1988 2477 2495 2691 2716 2792 2891 3021 3336 3360 3501 3525 3782 3875 3877 3977 4089 4184 4198 4329 4661 4684 4994
50 79 165 314 381 472 501 610 619 638 684 817 896 953 1044 1093 1140 1147 1185 1207 1332 1384 1400 1614 1787 1821 1872 1898 2045 2181 2218 2233 2351 2454 2490 2563 2579 2599 2618 2621 2652 2667 2730 2733 2826 2896 2913 2992 3027 3228 3420 3562 3567 3597 3603 3644 3887 4006 4049 4083 4097 4100 4197 4305 4330 4396 4445 4485 4598 4782 4794 4957 4985
51 84 141 172 184 194 269 278 314 357 435 478 522 538 539 777 794 990 1153 1232 1298 1374 1391 1404 1671 1732 1753 1811 1921 2058 2090 2115 2128 2183 2251 2273 2509 2547 2652 3003 3088 3102 3206 3234 3446 3467 3541 3562 3573 3606 3674 3896 3917 4006 4051 4075 4133 4143 4209 4262 4318 4382 4391 4478 4610 4635 4814 4834
53 84 236 302 341 415 569 628 654 743 759 822 823 893 946 966 1153 1164 1439 1450 1482 1483 1529 1603 1686 2138 2200 2229 2258 2274 2279 2354 2372 2451 2475 2502 2563 2659 2906 2911 2945 2958 3025 3102 3109 3161 3169 3216 3244 3304 3362 3390 3397 3480 3514 3577 3617 3624 3719 3762 3808 4161 4166 4197 4211 4229 4247 4264 4334 4344 4501 4547 4556 4615 4658 4731 4739 4790 4815 4846 4892 4895
53 70 121 131 163 199 234 242 326 391 423 424 439 499 540 619 638 674 706 714 762 870 888 912 937 946 988 1176 1245 1346 1396 1431 1458 1569 1618 1690 1796 1880 1979 1987 2040 2122 2229 2275 2299 2343 2454 2479 2502 2598 2644 2646 2790 2809 2857 3083 3145 3174 3340 3368 3372 3384 3385 3421 3475 3491 3494 3596 3671 3705 3765 3857 3921 3938 3991 4006 4007 4019 4059 4108 4142 4198 4259 4299 4314 4534 4539 4547 4601 4659 4681 4732 4833 4899 4904 4994
53 142 286 518 619 1513 1695 1812 1845 1907 2085 2448 2554 2631 2645 2716 3079 3151 3376 3848 4772
53 131 246 272 393 506 777 809 827 863 997 1063 1272 1325 1558 1751 1880 2046 2105 2283 2474 2505 2511 2615 2659 2807 3194 3254 3271 3468 3583 3713 3753 3770 3785 3808 3930 4105 4314 4620 4862 4917
53 116 147 503 552 776 785 936 1001 1248 1261 1278 1491 1755 2099 2203 2501 2667 2798 2911 3038 3180 3268 3315 3327 3617 3936 4074 4314 4327 4390 4490 4660 4773 4804 4837 4890
53 140 341 371 610 657 759 809 900 959 1019 1029 1088 1219 1245 1375 1394 1740 1771 1887 2062 2116 2252 2355 2453 2472 2643 2786 2880 3037 3196 3357 3552 3630 3658 3751 3788 4054 4197 4296 4317 4424 4522 4545 4678 4689 4757 4978
53 195 202 692 709 2327 2461 2644 2710 2904 3109 3178 3308 3351 3369 4426 4593 4757 4862 4923
54 94 199 233 314 341 395 465 478 530 556 610 812 872 953 972 1266 1297 1310 1325 1476 1521 1564 1657 1680 1757 1801 1892 1933 2020 2041 2184 2230 2326 2388 2546 2599 2883 2896 3060 3195 3219 3224 3338 3349 3354 3503 3567 3568 3624 3648 3662 3878 3887 3921 3942 4039 4083 4093 4200 4327 4409 4481 4629 4651 4754 4796 4810 4966
54 93 144 191 198 204 311 396 449 583 609 644 673 743 768 780 804 859 951 977 996 1017 1018 1029 1036 1161 1285 1541 1564 1821 1843 1961 1989 2080 2116 2200 2213 2235 2263 2500 2651 2678 2840 2880 2885 2944 3013 3014 3035 3038 3052 3083 3124 3181 3228 3282 3353 3426 3447 3562 3637 3645 3663 3738 3817 3820 3870 4055 4134 4159 4229 4240 4253 4393 4439 4524 4547 4592 4661 4712 4740 4779 4808 4861 4915 4921 4943
54 144 157 226 591 911 1283 1396 1412 1443 1534 1897 1955 1964 1977 2203 2233 2295 2497 2574 2586 2667 3114 3377 3458 3516 3552 3625 3882 3906 3921 4116 4223 4293 4314 4447 4469 4644 4732 4786 4888 4931 4937
56 212 360 379 442 579 583 585 633 867 1167 1233 1273 1381 1383 1479 1507 2512 2826 2872 2955 3176 3325 3331 3455 3510 3524 3548 3840 3991 4069 4252 4665
57 234 313 328 659 835 843 942 1148 1158 1165 1277 1302 1369 1513 1699 1843 1933 1955 2112 2142 2205 2217 2378 2675 2803 2878 3030 3076 3078 3082 3231 3254 3336 3374 3455 3532 3537 3635 3664 3718 3819 3861 3934 3947 4107 4148 4168 4232 4505 4533 4579 4703 4708 4757 4821
58 83 123 143 165 173 207 333 376 383 455 522 585 613 619 683 706 715 760 761 904 935 979 1124 1167 1239 1254 1263 1297 1374 1475 1478 1564 1596 1674 1707 1717 1773 1832 1901 1933 2193 2200 2338 2387 2491 2498 2505 2541 2592 2596 2691 2692 2731 2827 2837 2840 2893 2911 2976 3027 3050 3074 3082 3206 3327 3357 3402 3466 3535 3671 3705 3712 3770 3857 3884 4041 4058 4138 4218 4229 4257 4267 4305 4393 4520 4552 4556 4643 4671 4689 4848 4900 4906
59 132 426 428 536 635 794 825 919 1122 1235 1244 1335 1535 1646 1804 1837 2115 2146 2182 2314 2323 2392 2644 2673 2675 2727 2995 3068 3109 3213 3377 3426 3451 3602 3620 3869 4082 4099 4177 4188 4290 4305 4593 4841 4874 4982
60 67 566 667 671 679 714 777 863 868 1037 1270 1357 1420 1425 1534 1564 1701 1810 1848 1866 1906 2097 2242 2318 2555 2694 3140 3690 3729 3957 4406 4410 4593 4843
63 177 344 483 1068 1507 1654 1712 1832 1893 2040 2494 2594 2640 2811 3507 3690 3909 3955 3972 3999 4059 4484 4485
65 102 209 259 397 488 504 509 593 650 677 1013 1029 1033 1214 1285 1395 1445 1483 1567 1653 1681 2000 2115 2154 2206 2257 2287 2345 2423 2461 2536 2725 2910 2946 3098 3379 3509 3541 3606 3624 3749 3813 3868 3882 3919 4048 4181 4190 4212 4265 4378 4459 4492 4579 4664 4890
67 372 482 695 748 901 1320 1433 1622 2011 2163 2320 2400 2426 2924 3432 3466 3762 4003 4444 4481 4598 4623 4671 4772 4968
67 78 84 199 297 314 377 436 458 481 570 716 835 846 962 1029 1062 1143 1158 1219 1243 1281 1352 1353 1389 1426 1428 1616 1659 1708 1905 2034 2085 2116 2190 2229 2419 2509 2547 2588 2807 2856 2944 2949 3042 3132 3138 3328 3361 3373 3376 3656 3672 3687 3690 3882 3890 3896 3921 3935 4044 4139 4152 4204 4266 4297 4658 4659 4772 4857 4914 4944
67 345 469 503 520 573 644 747 776 846 1089 1198 1214 1345 1435 1445 1571 1720 1755 1825 1864 1869 1885 2096 2308 2349 2509 2531 2554 2579 2906 3048 3094 3253 3311 3338 3382 3385 3504 3746 3861 3875 4095 4136 4177 4229 4418 4430 4457 4497 4556 4732 4764 4850 4886 4896 4960
67 98 536 693 770 894 932 1217 1280 1897 2039 2237 2294 2356 2990 3095 3172 3213 3587 3704 3739 3778 4131 4324
69 130 164 183 205 371 391 421 458 476 531 565 773 902 906 990 994 996 1206 1234 1258 1286 1371 1475 1483 1509 1633 1873 1901 1934 1945 2049 2082 2203 2257 2316 2367 2417 2646 2737 2826 2842 2883 2899 2966 2995 3019 3072 3096 3167 3203 3257 3273 3341 3373 3418 3475 3552 3567 3568 3882 3905 3932 4082 4238 4273 4408 4409 4481 4499 4544 4563 4599 4636 4651 4664 4689 4694 4848 4877 4885 4915
71 169 262 391 404 644 671 714 846 912 975 1170 1335 1531 1543 1660 1689 1709 1749 2000 2045 2087 2110 2331 2399 2514 2562 2574 2583 2596 2675 2697 2716 2733 2855 2879 3058 3173 3236 3254 3328 3449 3575 3610 3896 4049 4101 4263 4446 4481 4545 4719 4750 4776 4787
72 108 173 198 388 391 501 520 592 633 689 738 779 832 846 863 928 970 1040 1044 1167 1178 1180 1196 1335 1531 1680 1717 1764 1853 1899 1901 1987 2021 2154 2169 2325 2342 2407 2486 2495 2510 2516 2574 2591 2643 2681 2707 2751 2969 3028 3037 3107 3109 3152 3194 3212 3327 3378 3534 3541 3575 3606 3661 3681 3705 3733 3775 3882 3937 4023 4057 4168 4171 4196 4220 4273 4309 4360 4364 4370 4411 4504 4506 4531 4567 4610 4625 4635 4658 4689 4768 4925 4932 4933 4981 4994
73 156 173 371 629 736 747 749 770 782 809 812 830 867 906 1011 1039 1042 1050 1095 1109 1180 1243 1251 1297 1325 1335 1379 1417 1498 1558 1568 1629 1680 1761 1795 1868 1882 1915 2043 2049 2068 2196 2328 2387 2564 2579 2643 2879 2890 2967 2969 2995 3201 3229 3248 3279 3395 3423 3490 3494 3508 3519 3596 3641 3779 3805 4041 4104 4190 4193 4225 4333 4406 4466 4516 4541 4616 4645 4700 4740 4824 4825 4848 4889 4906 4911 4916 4952 4980 4997
73 156 238 450 577 608 610 669 685 738 770 829 942 1020 1054 1103 1290 1528 1602 1827 1843 1863 1880 1983 2058 2105 2180 2193 2201 2212 2279 2297 2430 2500 2807 2809 2818 2995 3005 3012 3014 3127 3268 3507 3575 3671 3710 3727 3733 3853 4006 4101 4131 4177 4182 4229 4273 4297 4327 4333 4428 4445 4478 4571 4589 4595 4610 4630 4680 4718 4752 4766 4768 4781 4852 4950 4957
73 75 115 134 203 204 234 248 314 522 650 837 1009 1041 1063 1335 1375 1724 2008 2142 2605 2658 2716 2738 2867 2871 2958 3346 3347 3357 3383 3466 3484 3643 3666 3732 3776 3857 3986 4108 4306 4452 4740 4768 4774
73 142 279 799 829 843 1139 1285 1397 1399 1674 2000 2092 2406 2448 2461 2732 3107 3459 3461 3575 4327 4596 4874 4968
73 106 188 234 266 801 929 953 1503 1534 1546 1650 1659 1694 1717 1841 1847 2193 2487 2735 2807 2904 3027 3115 3213 3594 3840 4126 4380 4583 4862
77 80 163 185 218 467 522 532 721 723 817 939 956 996 1035 1130 1173 1301 1327 1364 1439 1459 1633 1680 1701 1717 1880 2133 2201 2215 2239 2302 2311 2610 2691 2712 2807 2810 2896 2904 2961 2968 2987 3007 3085 3178 3206 3247 3254 3335 3336 3368 3477 3562 3567 3655 3678 3683 3762 3773 3785 3808 4168 4269 4306 4386 4461 4494 4605 4678 4819 4965
81 173 487 556 1674 1972 2163 2414 2439 2509 2766 2795 2838 3521 3669 3757 3769 3792 3840 3948 4025 4241 4296 4421 4670 4727 4908 4968
82 131 166 263 371 526 1106 1414 1520 1773 2098 2121 2525 2714 2749 2804 2879 2880 3259 3606 3656 4175 4188 4231 4256 4257 4278 4357 4392 4603 4654 4758 4994
84 131 141 156 163 168 438 583 599 794 850 873 906 922 927 981 987 1014 1108 1214 1328 1335 1397 1694 1768 1785 1795 1819 1847 1850 1874 1894 1938 1980 2030 2032 2054 2094 2106 2194 2201 2250 2334 2391 2454 2493 2500 2534 2574 2601 2640 2646 2659 2727 2748 2749 2799 2809 2882 2911 2936 2953 3109 3113 3121 3206 3244 3275 3291 3657 3673 3674 3751 3853 3861 3886 3984 4082 4137 4165 4224 4255 4291 4297 4485 4597 4631 4651 4676 4686 4738 4763 4831 4848 4861 4890 4971 4985 4996
84 88 105 126 153 254 341 366 457 516 602 762 768 783 952 1000 1063 1083 1156 1216 1219 1255 1276 1303 1401 1412 1468 1506 1547 1625 1659 1676 1736 1773 1843 1969 2058 2148 2161 2416 2429 2489 2499 2514 2604 2644 2648 2674 2781 2801 2807 2874 2958 3042 3082 3152 3569 3596 3651 4030 4035 4059 4101 4122 4177 4201 4235 4279 4363 4382 4517 4541 4560 4652 4693 4699 4740 4754 4767 4819 4908
84 144 146 320 387 473 585 671 683 835 1001 1114 1196 1219 1224 1368 1402 1422 1441 1513 1532 1625 1639 1668 1716 1795 1804 1830 1901 1920 2025 2085 2111 2243 2270 2338 2442 2495 2505 2527 2556 2686 2879 2907 2944 3061 3097 3283 3428 3466 3668 3699 3751 3802 3818 3853 3861 4086 4127 4131 4222 4287 4366 4409 4433 4478 4537 4583 4598 4663 4695 4738 4840 4851 4982
86 87 204 238 301 378 390 452 536 586 672 688 727 769 863 967 1008 1060 1138 1167 1199 1298 1344 1352 1374 1515 1534 1600 1773 1800 1813 1827 1858 1864 2000 2200 2237 2284 2486 2565 2577 2599 2622 2643 2646 2677 2745 2759 2864 2958 2971 3051 3082 3134 3183 3194 3230 3355 3358 3442 3511 3547 3579 3587 3659 3664 3684 3720 3770 3887 3911 3919 3983 4131 4132 4133 4161 4189 4280 4285 4305 4306 4350 4432 4442 4448 4487 4690 4754 4764 4812 4915 4923 4945 4982 4985
89 299 420 670 725 817 1048 1297 1908 2079 2115 2170 2284 2496 2500 2524 2733 2847 3014 3049 3338 3513 3755 3896 4079 4386 4564 4890 4985
91 165 198 202 370 381 482 638 813 863 891 947 1148 1331 1375 1536 1571 1682 1955 2076 2115 2116 2149 2364 2998 3286 3450 3541 3617 3693 3732 3919 4006 4036 4074 4229 4393 4514 4516 4549 4709 4817 4841 4940
92 199 305 307 347 403 482 516 980 986 994 1006 1027 1116 1164 1352 1462 1530 1550 1741 1864 1870 2010 2024 2219 2237 2356 2361 2394 2451 2558 2596 2661 2677 2704 2754 2813 2911 2954 2977 3042 3116 3179 3228 3350 3475 3611 3653 4124 4168 4267 4473 4546 4583 4584 4778 4841 4876 4959 4974 4982
95 491 521 576 597 706 731 764 955 1105 1115 1245 1329 1341 1550 1612 1832 1971 2055 2083 2231 2255 2269 2454 2500 2514 2521 2579 2804 3323 3514 3659 3772 3840 3853 4254 4257 4332 4419 4479 4534 4581 4658 4674 4819 4830 4936 4973
99 145 377 388 522 541 714 739 881 1177 1355 2338 2928 3515 3529 3836 3875 3993 4475 4601 4908
104 217 377 556 644 833 835 863 1031 1200 1252 1829 2043 2490 2561 2725 2759 2809 2922 3126 3164 3356 3404 4590 4601
107 142 537 628 669 805 822 946 958 1117 1182 1323 1501 1667 2196 2202 2265 2490 2569 2581 2611 2721 2725 2736 2788 2876 3013 3053 3165 3596 4267 4471 4613 4738 4841
109 214 226 480 846 1028 1196 2115 2384 2538 2652 2675 3107 3364 3615 3620 3732 3751 3944 4096 4369 4503 4550 4646
110 211 281 367 381 391 406 483 555 585 590 598 628 638 641 741 777 844 890 912 940 964 1023 1069 1084 1218 1594 1605 1655 1661 1691 1715 1824 1847 2032 2043 2143 2151 2307 2459 2486 2536 2554 2563 2622 2627 2646 2652 2690 2726 2727 2821 2870 2879 2896 2944 3152 3159 3241 3306 3326 3462 3512 3557 3565 3613 3624 3635 3639 3690 3709 3737 3887 3960 3990 4046 4085 4131 4133 4151 4164 4217 4257 4281 4340 4455 4518 4558 4701 4732 4754 4794 4834 4919 4978
112 198 230 347 350 618 730 776 843 912 959 1165 1350 1534 2007 2036 2051 2279 2338 2612 2658 2970 3133 3330 3357 3463 3562 3646 3805 4167 4196 4261 4462 4593 4651 4923
114 139 165 226 297 617 1022 1241 1251 1396 1489 1513 1622 1883 2048 2116 2488 2657 2683 2826 2861 2906 3013 3083 3107 3340 3494 3582 3619 3782 3865 3991 4197 4700 4702 4706 4908
117 204 324 347 384 401 501 523 530 726 846 880 976 1047 1215 1352 1375 1437 1463 1620 1668 1684 1863 1864 1941 2032 2040 2091 2189 2306 2345 2475 2503 2536 2675 2678 2727 2815 2883 2965 2978 3255 3368 3541 3567 3652 3665 3733 3751 3947 4055 4133 4191 4452 4478 4481 4749 4754 4780 4832 4836 4954 4961
118 226 516 671 731 776 1245 1251 1445 1507 1511 1531 1623 1667 1790 1827 1856 2165 2233 2237 2305 2359 2389 2405 2507 2749 2822 2938 3071 3142 3376 3430 3463 3550 3596 3664 3866 3882 3908 4156 4224 4327
119 317 835 1567 1619 1686 1736 1863 2005 2284 2386 2550 2563 2638 2956 3082 3087 3289 3475 3629 3777 3947 4336 4477 4516 4547 4601
122 502 946 969 996 1119 1259 1373 1448 1496 1697 2154 2317 2398 2590 2622 2739 3102 3201 3514 3876 4108 4178 4406 4452 4463 4714
125 190 204 226 439 458 470 558 619 621 665 743 759 770 796 821 974 994 1131 1180 1295 1348 1412 1528 1531 1584 1589 1606 1704 1814 1914 1948 2077 2196 2201 2237 2247 2259 2285 2360 2451 2486 2635 2698 2733 2880 2896 2939 2940 3101 3110 3187 3314 3327 3357 3382 3433 3619 3707 3998 4006 4049 4055 4061 4103 4107 4111 4133 4147 4163 4224 4316 4365 4435 4545 4601 4664 4784 4797 4841 4859 4868 4899 4989
128 142 152 176 287 307 388 439 549 585 731 809 953 990 1045 1412 1415 1467 1475 1836 1866 1939 2043 2218 2248 2267 2303 2495 2665 2684 2768 2778 2887 3011 3129 3340 3368 3469 3509 3520 3533 3606 3607 3656 3804 3887 3891 4001 4243 4250 4312 4333 4393 4398 4537 4538 4664 4715 4738 4848 4898 4899 4928
131 178 446 473 478 731 843 1029 1165 1264 1296 1447 1493 1510 1680 1797 1921 1984 2064 2142 2294 2338 2380 2454 2464 2587 2632 2672 2722 2765 2809 2860 3201 3213 3268 3382 3385 3408 3532 3829 3857 3907 3968 4196 4296 4326 4343 4420 4523 4740 4777 4932 4947
131 163 274 293 309 537 612 754 797 871 978 1025 1135 1267 1292 1633 1927 1933 2142 2356 2422 2475 2490 2504 2552 2601 3038 3239 3296 3340 3373 3494 3785 3833 4123 4131 4382 4416 4510 4541 4593 4595 4799 4813 4863 4939
136 138 221 453 483 503 537 633 1297 1401 1483 1644 1705 2136 2294 2338 2353 2356 2403 2448 2804 3043 3532 3839 3857 3976 4029 4272 4685 4811 4819 4874
137 142 258 583 638 777 919 1180 1184 1196 1243 1403 1576 1613 1701 1921 2066 2085 2093 2298 2347 2356 2401 2475 2583 2623 2743 2958 3123 3175 3214 3238 3252 3267 3341 3554 3650 3724 3785 3843 4049 4083 4117 4206 4239 4327 4465 4486 4529 4547 4635 4700 4761 4764 4873 4990 4992
141 237 327 351 702 747 851 931 1097 1158 1251 1297 1366 1397 1421 1549 1571 1575 1631 1667 1761 1773 1921 2038 2110 2173 2176 2201 2276 2376 2640 2723 2726 2851 2995 3178 3201 3242 3340 3463 3575 3590 3627 3828 3897 4034 4059 4074 4267 4377 4401 4437 4628 4700 4801 4845 4970
141 388 1015 1243 1363 1375 1632 1692 1804 2045 2200 2218 2233 2477 2537 2622 2682 2744 2809 2820 3268 3382 3460 3463 3527 3675 3730 3882 3921 3950 3953 4651 4899 4906
141 155 178 307 321 326 399 520 792 812 858 1111 1165 1285 1321 1381 1438 1453 1564 1717 1763 1864 1876 1959 2002 2110 2137 2186 2246 2303 2307 2645 2658 2677 2726 2755 2879 2884 2951 2985 3016 3042 3083 3157 3232 3336 3353 3394 3494 3496 3671 3732 3881 3919 4024 4074 4133 4168 4233 4445 4578 4583 4612 4661 4915 4978
141 1621 1686 1937 1974 1990 2040 2200 2622 2645 2663 2931 3036 3162 3289 3299 3752 3824 3853 4108 4143 4257 4354 4768 4794 4874
144 219 326 501 522 550 556 575 649 683 759 766 843 847 1043 1125 1247 1262 1298 1460 1581 1615 1701 1717 1755 1772 2035 2093 2110 2116 2195 2201 2333 2415 2431 2483 2542 2567 2578 2606 2837 3054 3155 3268 3341 3388 3443 3552 3656 3863 3875 4043 4045 4118 4297 4346 4384 4537 4545 4583 4772 4853 4890
144 198 220 231 278 530 542 548 571 584 808 836 994 1356 1370 1469 1545 1547 1558 1755 1864 1963 2052 2179 2249 2284 2294 2301 2601 2658 2664 2678 2715 2749 2883 2944 2969 2999 3006 3131 3149 3185 3201 3362 3375 3464 3532 3586 3587 3619 3685 3690 3857 3981 3994 4047 4123 4154 4210 4226 4267 4277 4281 4296 4339 4403 4409 4535 4582 4608 4649 4682 4687 4748 4769 4816 4819 4943
151 386 722 849 963 1053 1226 1451 1586 1694 1795 1832 1844 2084 2241 2387 2566 2640 2830 3037 3213 3256 3373 3454 3875 4141 4196 4409 4452 4485 4635
154 186 377 724 759 1158 1271 1340 1401 1795 1821 1926 2168 2448 2490 2653 2929 3353 3371 3429 4017 4224 4387
155 290 314 417 503 522 567 680 747 776 817 917 934 990 995 1231 1234 1307 1412 1483 1599 1663 1944 2017 2073 2089 2105 2293 2478 2529 2656 2780 2837 3020 3027 3128 3318 3409 3455 3659 3660 3823 3855 3919 3971 4027 4041 4110 4123 4213 4305 4502 4669 4675 4700 4732 4754 4854 4861 4968 4975
155 199 304 368 473 511 516 683 784 822 888 1075 1158 1245 1298 1381 1397 1518 1531 1571 1583 1597 1633 1669 1686 1755 1931 2116 2124 2303 2321 2447 2579 2583 2652 2670 2700 2749 2908 3089 3190 3228 3268 3336 3422 3431 3476 3514 3530 3656 3873 3919 3985 3997 4049 4423 4607 4678 4716 4842 4883 4929 4943 4985 4994
155 162 180 307 394 410 451 458 644 812 919 945 1165 1174 1190 1625 1781 1839 1897 2060 2074 2583 2759 2761 2779 2900 3186 3287 3333 3456 3463 3592 3694 3808 3912 3935 4055 4282 4351 4379 4489 4738 4803 4819
156 238 270 314 405 664 698 728 919 953 1001 1137 1172 1245 1349 1507 1608 1622 1667 1722 1791 1804 2031 2032 2049 2193 2356 2395 2403 2536 2617 2669 2804 2838 2840 2888 2906 2934 3014 3333 3336 3376 3382 3387 3401 3558 3673 3774 3826 3871 3935 4006 4059 4224 4450 4451 4516 4527 4528 4679 4795 4834 4881
165 206 297 339 510 520 703 706 1165 1365 1377 1723 1795 1921 2000 2043 2229 2340 2358 2430 2825 3107 3333 3385 3434 3499 3519 3628 3656 3725 3760 4040 4101 4143 4144 4214 4305 4362 4375 4386 4515 4561 4656 4659 4722 4750 4828 4899
165 326 478 604 683 814 1158 1180 1324 2058 2484 2573 2644 2837 3317 3733 4190 4314 4352 4542 4610 4635
173 222 225 843 1044 1081 1564 1672 2199 2944 3109 3376 3659 3698 3768 3770 3781 4107 4297 4435 4601 4738 4841
174 477 482 525 623 690 895 2058 2061 2475 2505 3027 3519 3526 3595 3782 3861 3893 4292 4540 4957
175 587 625 714 743 839 983 993 1123 1381 1382 1659 1667 1933 2055 2059 2477 2579 2667 2733 2775 2904 2969 3090 3213 3324 3834 4074 4168 4199 4413 4427
178 278 478 530 639 1164 1481 1821 1903 2004 2403 2467 2777 2879 3118 3328 3543 3642 3733 3782 3949 4310 4338 4358 4664
178 389 501 556 706 807 864 985 1101 1265 1419 1664 2643 2844 3086 3509 3603 3677 3795 4333 4541 4659
189 198 1141 1277 1528 1540 1760 1774 1827 1900 2207 2303 2339 2477 2655 2726 2974 3266 3894 4386 4445 4659 4943
192 202 226 278 322 444 479 493 537 616 666 686 855 1001 1016 1197 1243 1298 1308 1372 1381 1439 1446 1456 1550 1648 1686 1727 1827 1863 1986 2040 2047 2093 2132 2154 2210 2216 2271 2279 2336 2554 2982 2995 3037 3152 3189 3339 3357 3373 3391 3426 3518 3523 3576 3606 3620 3705 3732 3805 3904 3916 3929 4074 4123 4248 4314 4483 4495 4516 4595 4610 4754 4772 4807 4818 4838 4865 4880 4897 4930 4948 4993
193 341 551 650 912 1026 1033 1063 1100 1126 1191 1219 1243 1325 1352 1439 1537 1573 1592 1638 1738 1960 1968 2086 2428 2490 2572 2645 2767 2838 3199 3244 3272 3864 3939 4098 4107 4108 4435 4491 4507 4541 4602 4805 4942 4987 4995
196 204 257 298 375 377 559 610 706 708 777 794 843 866 870 918 923 959 1075 1212 1243 1347 1475 1480 1482 1492 1517 1528 1641 1694 1713 1729 1754 1849 1919 1928 1975 1978 2045 2229 2272 2280 2289 2303 2321 2362 2383 2403 2409 2485 2509 2523 2539 2554 2583 2677 2711 2770 2824 2875 3046 3083 3194 3285 3353 3357 3362 3377 3398 3532 3552 3673 3682 3780 3959 3974 3992 4006 4026 4049 4072 4101 4131 4456 4472 4545 4586 4658 4668 4678 4710 4726 4738 4834 4862 4935 4999
198 229 295 405 443 456 503 595 610 792 822 906 1067 1326 1454 1512 1731 1818 1847 1859 2049 2088 2257 2685 2725 2807 3056 3064 3262 3290 3382 3463 3474 3695 4083 4197 4348 4856
199 280 381 793 933 1034 1121 1238 1418 1579 1680 1726 1821 1843 1911 2058 2117 2279 2515 2553 2659 2686 2880 3038 3080 3341 3465 3492 3740 3821 3858 4014 4414 4485 4601 4635 4932
200 338 418 461 527 810 1071 1075 1214 1243 1335 1381 1523 2085 2345 2444 2500 2589 2902 2916 2969 2972 3407 3519 3560 3784 3785 3875 4055 4112 4345 4556 4569 4814
202 310 388 537 632 678 793 819 843 1033 1052 1094 1251 1285 1343 1563 2579 2898 3014 3178 3664 3756 3840 4150 4296 4449 4637 4657 4725 4738
202 234 445 826 1166 1387 1650 2139 2381 2536 2637 2675 2717 3739 3764 4224 4284 4474 4516 4541 4595
226 515 529 696 809 838 867 1277 1396 1633 1861 1866 2009 2620 2659 2776 2907 3178 3348 3568 3789 3964 4033 4082 4281 4435 4452 4579 4658 4754 4770 4789 4819 4861
238 347 361 544 637 793 959 1066 1077 1164 1181 1577 1652 1854 1933 1947 2001 2046 2072 2307 2430 2461 2530 2602 2643 2716 2873 2911 3268 3327 3638 3708 3732 3921 3947 4393 4493 4536 4537 4583 4611 4622 4642 4661 4677 4984
240 340 355 405 483 536 638 835 946 989 1164 1246 1251 1375 1546 1711 1942 1955 2070 2093 2123 2177 2261 2292 2601 2640 2644 2797 2808 2837 2883 2960 3042 3092 3107 3200 3235 3237 3244 3249 3309 3367 3541 3572 3603 3632 3633 3659 3690 3747 3837 4091 4108 4133 4172 4371 4438 4547 4610 4692 4724 4757 4884 4972
243 292 357 447 553 582 675 1153 1161 1186 1277 1587 1650 1674 1987 2104 2142 2233 2262 2352 2377 2477 2520 2647 2734 2837 2840 3000 3106 3269 3289 3338 3470 3475 3758 4042 4732 4736 4910 4978
256 913 953 1440 1826 1888 2000 2124 2307 2345 2446 2526 2644 2952 3935 4053 4168 4190 4306 4409 4862
264 358 1736 1823 1880 1949 1952 2233 2344 2505 2622 2659 2794 2883 2904 2926 3082 3108 3322 3782 3853 4273 4445 4647 4943
268 335 482 572 798 1007 1507 1633 1736 1867 2037 2159 2193 2629 2708 2958 3211 3228 3426 3759 3927
273 829 1132 1148 1153 1227 1277 1291 1482 1572 1588 1622 1625 1822 1910 2016 2105 2196 2646 2675 2719 2846 2948 3251 3292 3372 3566 3671 3805 3920 3925 4161 4328 4671 4678
278 347 620 707 1203 1242 1275 1396 1436 1445 1767 1820 1851 1864 2085 2093 2167 2185 2321 2402 2441 2451 2462 2473 2559 2633 2994 3082 3111 3289 3362 3370 3412 3619 3624 3649 3726 3853 4078 4123 4145 4297 4386 4488 4547 4839 4862
282 482 738 781 1076 1187 1514 1528 1547 1571 1609 1832 1951 1996 2043 2313 2319 2514 2762 2903 3440 3626 4084 4393 4556 4659
296 297 341 414 535 556 624 762 860 1234 1325 1407 1420 1578 1668 2058 2163 2211 2486 2689 2701 3014 3059 3120 3213 3225 3373 3571 3782 3785 3991 4143 4198 4229 4485 4745 4764 4908 4943 4946
307 332 473 630 1194 1423 1828 2055 2229 2244 2461 2649 2784 2838 3352 3372 3482 3956 4260 4400 4516 4598
315 348 349 462 545 816 1136 1524 1598 1659 1776 1924 2193 2208 2518 2763 2789 2791 2843 2919 3004 3084 3215 3329 3341 3441 3475 3493 3640 4010 4063 4196 4251 4267 4404 4415 4638 4733
323 412 884 990 992 994 1046 1070 1427 1488 1505 1804 2044 2147 2218 2514 2628 2677 3244 3631 3711 3743 3857 3943 4049 4074 4101 4198 4234 4249 4556 4664 4735 4908
326 405 458 869 1087 1120 1213 1396 1558 1737 1755 1766 2865 3244 3254 3472 3505 3574 3624 4467 4485
326 357 365 705 729 1161 1223 1240 1277 1315 1388 1420 1477 1546 1601 1630 1650 1761 2043 2056 2264 2345 2382 2403 2413 2549 3027 3112 3403 3634 3770 3805 3830 3946 4198 4333 4435 4705 4978
329 371 803 861 885 1465 1483 1544 1552 2229 2257 2481 2584 2626 3522 3896 4055 4059 4149 4190 4196
341 600 731 747 834 915 1352 1475 1775 2049 2335 2535 2787 3037 3154 3445 3495 3673 3840 4286 4452
341 439 557 585 605 628 655 683 697 714 738 768 845 870 908 1074 1165 1360 1401 1410 1487 1507 1546 1547 1677 1701 1745 1866 1880 1987 2063 2108 2225 2237 2322 2506 2529 2600 2643 2833 2879 2911 2912 2943 2997 3031 3178 3206 3258 3337 3362 3416 3426 3455 3495 3617 3674 3739 3919 3921 4041 4094 4107 4115 4120 4143 4219 4221 4273 4274 4372 4587 4600 4634 4664 4744 4794 4802 4927 4951
347 371 638 683 743 899 919 1085 1142 1152 1306 1918 2043 2294 2296 2321 2533 2536 2563 2599 2686 2774 2892 3353 3410 3507 3603 3705 3739 3745 3759 3846 3857 3963 4008 4409 4661 4823 4887 4923 4957
388 1073 1148 1211 1234 1405 1637 1863 1957 2069 2095 2188 2279 2356 2471 2544 2554 2658 2764 2904 3038 3041 3600 4022 4341 4556 4740 4915 4978
441 734 1470 1558 1659 1809 1933 2013 2254 2257 2303 2759 2881 2933 3083 3334 3363 3568 3887 4055 4107 4125 4764
466 505 594 1180 1439 1538 1897 2067 2140 2153 2154 2433 2540 2654 2677 2725 2749 2753 3044 3152 3156 3226 3552 3587 3635 3770 4130 4305 4311 4333 4662 4768 4978
496 669 704 750 762 789 802 828 842 942 950 953 990 1090 1179 1234 1245 1325 1358 1449 1504 1802 1917 1932 2110 2229 2412 2502 2601 2733 2746 2782 2840 2854 2904 2906 2950 3067 3083 3102 3295 3336 3382 3453 3497 3536 3551 3714 3732 3744 3767 3811 3847 3856 3860 3967 4032 4055 4133 4177 4188 4296 4300 4302 4305 4412 4443 4452 4478 4481 4619 4743 4755 4890 4906 4938
501 530 943 984 996 1150 1282 1585 1622 1668 1717 1718 1842 1973 2023 2105 2109 2155 2257 2324 2436 2452 2495 2548 2725 2906 2964 3013 3209 3281 3353 3620 3766 3825 3941 4196 4381 4593 4653 4697 4834
503 536 778 817 912 999 1513 1782 2055 2470 2989 3368 3481 3995 4015 4162 4610 4750 4915 4978
507 878 942 1148 1214 1279 1352 1528 2050 2223 2418 2458 2486 2599 2613 2644 2666 2668 2747 2806 3278 3596 3612 3659 3691 3728 3770 3915 4173 4301 4445 4577 4579 4814 4835
516 546 610 691 733 1029 1063 1205 1253 1277 1362 1452 1662 1679 1750 1827 1884 1987 2006 2129 2291 2387 2443 2706 2726 2823 2957 2973 3206 3338 3541 3700 3733 3759 3979 4131 4140 4179 4203 4397 4478 4511 4598 4609 4969
537 622 676 753 925 965 1153 1633 1668 1714 1761 1804 1817 2455 2529 3029 3139 3328 3466 3539 3544 3623 3676 3797 3808 3975 4049 4158 4594
563 581 633 846 867 903 909 1127 1219 1318 1339 1875 2460 2486 2574 2741 2838 2858 2983 3117 3222 3297 3498 3585 3596 3674 3815 4038 4092 4188 4385 4534 4572 4671 4698 4808 4891 4968
583 771 800 835 959 1502 1656 1997 2114 2456 2495 2640 3362 3417 3575 3861 3900 4041 4170 4224 4273
628 743 1075 1193 1196 1287 1445 1827 2125 2475 2529 2691 2969 3270 3340 3377 3854 3895 3910 4002 4161 4229 4834 4915 4943
633 762 912 982 1336 1456 1567 2022 2103 2509 2758 2880 2958 3023 3202 3635 3807 3896 4185 4393
