1 48 58 102 142 260 319 359 409 414 426 504 539 543 725 759 763 779 828 860 905 917 990 1040 1212 1287 1315 1394 1491 1500 1563 1571 1623 1644 1659 1891 1902 1981 2139 2142 2216 2315 2555 2577 2589 2619 2671 2676 2697 2783 2845 2852 2987 3001 3032 3039 3127 3168 3370 3454 3462 3497 3602 3664 3687 3692 3769 3920 3923 3925 3961 3983 4006 4069 4115 4116 4493 4548 4564 4599 4658 4741 4742 4876 4926 4938 4961 4970 4993
1 79 144 180 342 373 375 399 432 592 604 629 642 794 867 950 960 1084 1305 1427 1634 1998 2058 2218 2239 2450 2646 2734 2769 2850 3295 3304 3475 3595 3767 3845 3896 4010 4219 4225 4271 4616 4887
2 47 106 129 151 223 394 420 453 661 778 813 856 1051 1075 1123 1148 1157 1242 1256 1316 1343 1424 1862 1863 1869 1880 1890 2003 2075 2104 2117 2124 2246 2267 2291 2313 2332 2394 2400 2541 2661 2847 2863 2877 2938 3233 3293 3308 3516 3593 3676 3728 3729 3738 3751 3904 3922 3947 4030 4153 4192 4212 4447 4542 4565 4588 4628 4698 4811 4965
3 193 261 274 487 506 587 594 812 1167 1193 1426 1459 1493 1652 1864 1905 2078 2598 3164 3185 3209 3289 3378 3545 3629 3726 3897 3937 4034 4038 4057 4092 4725 4954
4 225 239 264 282 402 615 841 882 974 1457 1482 1588 1666 2129 2229 2462 2463 3299 3386 3490 3735 3812 4462 4477 4521 4590 4608
5 510 698 741 765 1071 1199 1306 1363 1418 1518 2107 2561 2621 3031 3357 3620 3909 3998 4068 4285 4762
6 74 428 547 606 646 758 817 822 835 925 1076 1219 1326 1359 1420 1454 1600 2250 2298 2498 2506 2553 2568 2580 2596 2634 2713 2749 2784 2815 2913 2918 3052 3084 3180 3218 3455 3513 3707 3716 3763 3803 3823 3879 3880 3885 4015 4049 4107 4201 4372 4441 4485 4517 4541 4555 4781 4816 4840 4845 4899
7 124 136 150 186 255 262 538 601 792 807 850 1072 1441 1501 1683 1693 1715 1718 1751 1783 2041 2060 2086 2307 2349 2461 2514 2570 2851 2921 3137 3165 3172 3207 3402 3508 3515 3572 3596 4041 4165 4258 4274 4297 4315 4326 4332 4375 4567 4699 4833 4857 4879
8 50 137 169 383 450 468 530 1137 1258 1317 1372 1402 1706 2174 2473 2502 2515 2516 2536 2789 3163 3247 3413 3417 3420 3444 3453 3468 3589 3706 3741 3989 4022 4077 4378 4425 4563 4621 4898
9 46 311 446 497 540 613 737 821 962 1007 1238 1484 1530 1764 1855 1953 2079 2090 2291 2303 2535 2605 2962 2964 2988 2990 3064 3458 3520 3666 3677 3740 3865 4381 4402 4428 4432 4505 4721 4785 4951 4959
9 66 76 84 178 346 366 476 528 562 633 734 953 980 992 1036 1041 1107 1131 1171 1184 1203 1230 1265 1335 1417 1520 1593 1714 1768 1808 1868 1893 1907 2018 2095 2345 2566 2583 2595 2737 2818 2857 2928 2930 3216 3244 3270 3405 3491 3597 3762 3782 3815 3891 3977 4040 4125 4203 4338 4352 4502 4513 4736 4775 4819 4847 4889 4890 4962 4982
10 92 201 256 451 679 686 745 904 1093 1249 1470 1625 1638 1674 1675 1676 1729 1754 1807 1850 1919 2043 2067 2081 2179 2234 2311 2594 2804 2836 3055 3183 3226 3316 3461 3504 3725 3791 4397 4587 4790 4896 4990
11 118 130 143 216 242 278 354 440 445 488 524 561 578 691 743 774 799 906 1015 1039 1108 1174 1235 1465 1618 1630 1671 1696 1994 2266 2305 2310 2549 2588 2959 3089 3205 3256 3276 3354 3395 3397 3417 3449 3450 3452 3539 3553 3706 3722 3750 3778 3832 3979 4003 4151 4356 4510 4644 4645 4754 4826 4835 4909 4941 4985 4986
11 100 122 187 212 224 258 268 279 388 510 519 542 627 679 703 819 827 1377 1419 1443 1455 1642 1648 1788 1856 1963 1982 2045 2114 2178 2415 2483 2485 2486 2520 2523 2539 2712 2800 2867 3221 3315 3353 3355 3421 3459 3685 3910 4142 4184 4276 4293 4307 4421 4604 4716 4795 4824 4891 4904 4913
12 321 343 369 732 814 818 877 972 1081 1116 1220 1233 1369 1426 1589 1627 1832 1884 1960 2013 2014 2026 2153 2265 2289 2340 2363 2508 2834 3133 3138 3247 3346 3853 3888 3984 4122 4284 4461 4591 4803 4838 4853 4944 4948
13 117 163 235 244 254 338 355 379 438 523 586 688 1035 1058 1142 1242 1448 1541 1833 1938 2117 2245 2873 2911 2966 3082 3220 3240 3334 3552 3743 3773 3820 4183 4216 4247 4270 4292 4303 4308 4396 4574 4579 4620 4641 4931 4934 4975
14 155 272 284 326 399 489 762 894 997 1011 1013 1046 1089 1132 1198 1293 1294 1327 1506 1771 1791 1830 1909 1929 1963 2002 2008 2023 2059 2070 2133 2152 2366 2435 2682 2769 2821 2853 2881 3192 3200 3208 3228 3253 3263 3297 3331 3373 3467 3493 3644 3842 3869 3911 4256 4259 4281 4360 4400 4438 4568 4615 4647 4686 4744 4801 4921 4963 4972 4980
15 77 99 196 365 404 433 697 797 940 1175 1269 1333 1750 1761 1772 1803 1925 1952 1971 2233 2261 2297 2359 2396 2519 2773 2896 3051 3081 3217 3249 3422 3456 3518 3563 3566 3598 3624 4004 4058 4193 4253 4304 4610 4679 4697 4721 4791 4894 4907 4983
16 53 131 232 271 340 591 878 885 932 989 1020 1255 1448 1486 1579 1595 1622 1656 1713 1930 1940 2022 2161 2240 2248 2656 2685 2710 2757 2858 2897 2957 2979 3057 3078 3098 3111 3153 3260 3261 3573 3616 3883 3944 4063 4071 4080 4104 4188 4269 4291 4378 4448 4474 4487 4683 4767 4776 4861 4948
17 54 139 345 494 641 744 911 973 975 1096 1140 1149 1386 1468 1657 1670 1949 2027 2039 2146 2222 2406 2531 2551 2637 2663 2692 2756 2824 2971 2976 3171 3190 3368 3431 3448 3451 3477 3582 3626 4408 4539 4550 4611
18 71 172 516 593 620 714 815 853 1047 1078 1237 1310 1690 1835 1990 2054 2080 2102 2140 2204 2249 3256 3499 3874 4419 4422 4667 4705 4766 4780
18 170 577 658 741 849 965 2009 2115 2454 2736 2787 2790 3033 3129 3514 3955 4146 4199 4520 4744
19 214 393 513 616 632 839 889 1083 1176 1299 1447 1521 1559 1833 1839 1992 2197 2247 2403 2478 2540 2678 2709 2768 2772 2941 2946 3025 3384 3501 3510 3686 4075 4127 4458 4624 4886 4920
19 98 110 158 166 167 551 650 868 921 968 1043 1130 1178 1414 1439 1601 1727 1779 1827 1872 1878 2029 2134 2169 2293 2441 2700 2717 2868 2906 2967 3028 3108 3179 3225 3274 3392 3560 3729 3772 3821 3890 4090 4208 4213 4224 4380 4391 4455 4561 4649 4681 4812 4944 4984 4994
20 28 39 503 512 600 776 785 1182 1667 1690 1777 1782 1789 1974 1988 2170 2199 2368 2481 2537 2679 2745 3129 3236 3257 3300 3822 3936 4237 4335 4471
20 275 444 554 603 693 791 865 959 1146 1289 1371 1553 1724 1791 2231 2798 2934 3003 3086 3093 3321 3531 3582 3734 3835 4081 4137 4370 4499 4540 4566 4605 4694 4745 4761
21 26 87 116 374 449 469 563 570 610 656 872 951 1295 1877 1957 2007 2272 2544 2607 2611 2628 2903 3002 3195 3442 3498 3530 3615 3667 3673 3748 3801 4211 4265 4278 4312 4501 4575 4595 4798 4800 4810
22 128 251 341 397 565 609 617 664 746 757 887 893 955 993 1000 1068 1085 1169 1330 1351 1364 1385 1395 1479 1544 1582 1658 1780 1961 2037 2073 2331 2377 2419 2518 2522 2651 2684 2693 2705 2714 2732 2766 2783 2784 2936 2958 2991 3042 3092 3115 3214 3252 3280 3342 3344 3372 3415 3503 3567 3800 3807 3875 3994 4099 4109 4138 4263 4327 4460 4466 4468 4523 4672 4701 4712 4743 4758 4763 4858 4860 4910 4927 4973 5000
22 61 442 463 731 848 890 935 1032 1065 1332 1352 1415 1467 1531 1739 2000 2053 2173 2187 2193 2243 2395 2546 2561 2758 2803 2860 2998 3330 3339 3387 3391 3399 3496 3571 3784 3824 3857 4019 4166 4195 4197 4358 4392 4407 4418 4452 4519 4613 4619 4930
23 38 54 195 265 391 994 1004 1026 1179 1314 1390 1551 1556 1646 1740 1754 1787 1922 1947 2132 2207 2285 2562 2707 2924 2994 3095 3113 3181 3388 3640 3695 3743 3802 3953 4023 4047 4209 4221 4255 4313 4467 4573 4714 4871
24 65 302 381 461 472 496 623 700 808 988 1166 1356 1393 1503 1613 1759 2025 2074 2282 2336 2526 3006 3011 3099 3266 3337 3350 3445 3588 3603 3771 3840 4161 4406 4614 4630 4747
25 126 200 208 221 480 1061 1228 1276 1900 2373 2751 2869 3004 3066 3166 3523 3568 3952 4011 4163 4389
26 42 141 199 283 357 422 612 687 692 713 842 861 964 1060 1270 1367 1481 1688 1799 1853 1948 2101 2500 2532 2617 2771 2781 2835 2939 3114 3221 3430 3585 3838 3861 3916 3951 4118 4126 4144 4218 4317 4457 4490 4661 4675 4762 4923 4939
27 219 349 350 362 455 489 643 710 806 908 915 1099 1105 1210 1217 1218 1222 1275 1428 1449 1473 1480 1540 1694 1725 1743 1764 2038 2100 2165 2205 2424 2591 2640 2729 2794 2842 3036 3075 3105 3224 3255 3868 3940 4043 4114 4262 4469 4553 4687 4836 4864 4967 4990
29 35 119 303 310 363 400 403 495 680 684 736 895 1008 1190 1278 1338 1342 1389 1413 1462 1584 1719 1848 1942 2118 2221 2273 2322 2510 2567 2606 2753 2796 3076 3169 3194 3301 3336 3409 3481 3488 3492 3557 3612 3636 3657 3697 3749 3761 3860 3924 3946 3981 4330 4396 4418 4486 4512 4632 4657 4718 4740 4822 4854 4897
30 72 217 266 976 1244 1550 1590 1631 1734 1955 1987 2011 2051 2055 2253 2302 2501 2525 3197 3363 3614 3617 3933 4177 4395 4559 4643
31 70 121 173 299 335 367 375 477 514 637 710 717 762 775 787 816 910 1145 1184 1224 1365 1566 1665 1765 2056 2135 2166 2190 2333 2382 2470 2598 2609 2610 2650 2665 2695 2780 2823 2826 2840 2865 2884 3004 3145 3213 3272 3275 3416 3467 3482 3549 3577 3594 3608 3631 3876 3991 4038 4054 4079 4110 4296 4299 4386 4465 4506 4522 4524 4545 4626 4673 4723 4867 4868 4902 4922 4929 4957
32 298 602 922 941 1056 1119 1349 1376 2094 2588 2755 2892 3022 3147 3189 3264 3351 3484 3494
33 49 108 162 248 359 427 753 790 864 881 887 1045 1231 1341 1485 1723 1785 1821 1825 1898 2012 2044 2389 2511 2542 2635 2647 2694 2711 2746 2828 2838 2980 3015 3024 3204 3229 3618 3689 3742 3941 3990 4026 4029 4050 4094 4095 4275 4413 4497 4536 4557 4558 4615 4677 4783 4805 4992 4996
34 673 896 1090 1434 1702 1703 1710 1730 1914 2188 2372 2465 2490 2639 2703 2747 2812 2831 3041 3536 3641 3718 3866 4060 4342 4478 4582 4746 4881
36 109 333 594 641 870 926 986 1138 1214 1266 1286 1881 1983 1996 2035 2111 2557 3035 3177 3319 3367 3818 4227 4453 4706 4875 4987
37 111 117 281 312 1025 1432 1471 1504 1568 1577 1594 1691 1701 1775 1814 1908 2031 2213 2467 2469 2503 2599 2652 2728 2739 2806 2864 3144 3151 3173 3266 3368 3433 3487 3562 3736 3851 3903 4011 4017 4053 4133 4156 4176 4215 4349 4374 4384 4417 4460 4468 4558 4580 4703
40 78 97 108 120 229 237 331 337 526 555 597 666 675 771 880 1068 1114 1115 1190 1201 1404 1456 1537 1538 1654 1670 1679 1746 1890 1896 1926 1934 1997 2010 2071 2141 2172 2256 2314 2393 2416 2427 2512 2513 2726 2792 2915 2955 3155 3187 3258 3261 3298 3329 3555 3575 3599 3688 3712 3776 3824 3833 4130 4229 4246 4309 4321 4350 4433 4493 4508 4607 4842 4851 4852
41 60 82 322 323 356 374 410 434 447 470 473 569 588 683 685 690 712 747 768 787 796 888 1086 1196 1267 1378 1395 1398 1408 1430 1451 1481 1567 1649 1704 1760 1765 1794 1805 1921 1951 1960 1993 2069 2085 2235 2238 2375 2387 2421 2455 2465 2558 2730 2777 2839 2874 2913 2916 3049 3110 3206 3326 3465 3474 3544 3639 3693 3758 3780 3787 3806 3900 3915 3949 4045 4074 4084 4167 4182 4286 4336 4365 4424 4451 4459 4483 4509 4633 4636 4759 4832 4846 4915 4919 4953 4971
43 95 114 202 605 625 1053 1095 1175 1215 1261 1296 1499 1570 1621 1763 1844 1956 2040 2048 2130 2264 2376 2442 2521 2554 2721 2763 2764 2901 3013 3027 3040 3131 3143 3156 3229 3541 3600 3755 3757 3993 4007 4085 4096 4124 4158 4168 4194 4363 4405 4431 4496 4552 4779 4808 4823 4881 4893 4953
44 83 197 249 431 433 639 668 783 934 1049 1087 1101 1320 1633 1661 1883 1888 1999 2046 2049 2050 2113 2239 2330 2581 2648 2708 2820 2884 2889 2895 2937 3159 3285 3309 3576 3887 4031 4051 4186 4200 4256 4273 4277 4289 4328 4622 4651 4655 4665 4684 4727 4735
45 194 280 471 777 834 918 950 1067 1113 1156 1252 1262 1339 1442 1523 1525 1962 2030 2047 2126 2147 2171 2254 2432 2444 2750 2862 2933 2992 3005 3175 3453 3486 3505 3611 3638 3646 3788 3811 3972 4012 4119 4180 4294 4314 4584 4715 4841 4849 4901 4911 4936 4954
51 104 735 781 1135 1374 1545 1728 1770 2155 2308 2338 2350 2585 2762 2861 2907 3023 3242 3841 3935 3965 4399 4504 4570 4646 4682 4815
52 240 301 384 407 520 638 902 919 923 1147 1194 1409 1641 1980 2159 2299 2363 2429 2504 2689 2797 2809 2968 3439 3744 3783 3948 4073 4470 4528 4674 4717 4995
52 62 89 207 278 313 378 387 454 697 956 1272 1323 1405 1410 1446 1651 1672 1816 1939 2184 2457 2499 2723 2799 2973 3091 3116 3182 3273 3418 3427 3660 3700 4066 4171 4525 4547 4675 4782
55 537 755 803 931 1110 1225 1302 1337 1348 1629 2077 2306 2614 2625 2718 2952 3037 3199 3478 3495 3775 3798 3883 3921 3963 4009 4356 4500 4642 4668 4710 4842
56 171 177 210 234 415 566 662 670 847 907 1247 1370 1795 1874 1899 1946 1951 1991 2057 2198 2202 2418 2630 2722 2740 2759 2811 2821 2844 2878 2929 2981 3000 3090 3287 3384 3421 3519 3591 3696 3895 4005 4173 4331 4414 4481 4625 4859 4860 4947 4955
57 276 492 508 546 676 1027 1062 1104 1135 1693 1995 2168 2690 3070 3251 3558 3731 3987 4036 4039 4147 4217 4318 4354 4484 4589 4627
59 93 185 241 293 315 462 498 516 534 574 593 621 699 727 793 947 951 1053 1102 1161 1173 1221 1264 1505 1591 1666 1817 1933 1984 2019 2088 2099 2149 2337 2409 2460 2472 2547 2582 2609 2654 3016 3061 3134 3154 3196 3238 3292 3341 3377 3395 3437 3438 3694 3699 3704 3819 3893 3917 4035 4097 4101 4132 4146 4155 4254 4382 4463 4466 4534 4656 4671 4690 4734 4764 4782 4787 4837 4974
59 138 230 253 334 485 517 587 721 801 884 944 1028 1044 1133 1187 1195 1245 1358 1391 1455 1477 1489 1492 1561 1573 1578 1580 1585 1597 1624 1649 1677 1867 1935 1936 1943 1958 1985 2076 2112 2118 2125 2145 2192 2201 2324 2335 2354 2397 2412 2425 2604 2702 2788 2816 2887 2977 3079 3087 3130 3162 3163 3172 3210 3306 3338 3410 3419 3447 3511 3683 3699 3719 3881 4014 4108 4164 4226 4305 4427 4472 4531 4534 4569 4618 4770 4855 4883 4932 4933 4968
63 64 127 270 505 636 920 942 1151 1366 1392 1483 1507 1738 1911 1954 2032 2083 2181 2213 2237 2265 2391 2597 2832 3745 3793 4000 4048 4057 4086 4160 4248 4288 4302 4343 4390 4873
67 168 306 696 840 1309 1429 1444 1608 1847 1876 2895 2952 2978 3034 3426 3525 3613 4020 4497 4533 4571
68 182 203 296 335 522 635 702 704 708 798 961 979 1073 1350 1379 1797 1800 1836 1851 1901 2068 2092 2116 2334 2367 2517 2559 2579 2584 2641 2659 2672 2686 2767 2970 3065 3119 3269 3311 3340 3533 3542 3607 3665 3768 3802 3962 4093 4207 4410 4411 4445 4601 4693 4789 4796 4831 4940
69 103 467 596 683 751 767 866 1016 1134 1565 1871 2295 2370 2471 2524 2640 2719 2727 2994 3219 3240 3347 3358 3374 3635 3709 3766 3814 4013 4076 4242 4316 4664
73 222 352 395 530 651 671 739 761 804 807 844 952 1029 1030 1050 1209 1334 1555 1583 1749 1752 2004 2195 2201 2320 2325 2356 2569 2696 2975 3280 3671 3711 4032 4113 4243 4261 4446 4529 4918 4940
75 161 361 459 479 500 579 624 718 784 819 876 899 923 970 1008 1018 1092 1265 1320 1353 1406 1420 1452 1510 1554 1582 1680 1716 1838 2211 2269 2357 2438 2466 2476 2495 2497 2613 2657 2664 2674 2743 2786 2808 2819 2837 2950 3020 3050 3161 3234 3248 3476 3485 3590 3661 3791 3844 3872 3954 3970 4024 4145 4170 4205 4223 4475 4476 4551 4634 4648 4707 4806 4827 4880 4908 4921 4969
80 179 226 246 286 294 484 553 575 654 754 766 810 823 946 948 964 1005 1022 1054 1063 1120 1124 1138 1168 1223 1240 1246 1278 1279 1282 1306 1313 1396 1436 1534 1619 1637 1685 1767 1824 1826 1861 1915 2082 2108 2127 2137 2180 2292 2296 2299 2380 2434 2493 2529 2543 2683 2725 2778 2843 2919 2926 3068 3246 3277 3380 3473 3538 3599 3627 3647 3714 3717 3727 3751 3827 3930 3935 3992 4002 4072 4152 4191 4233 4333 4401 4437 4450 4612 4640 4652 4709 4794 4804 4828 4925 4989
81 184 478 689 914 945 969 1109 1125 1432 1539 1731 1866 2224 2227 2829 2866 2879 2943 3267 3322 3333 3550 3908 3969 4018 4304 4306 4581 4815 4900
85 123 164 439 560 706 1111 1717 1828 1852 2182 2571 2673 2688 2948 3030 3360 3425 3788 3995 4140 4171 4174 4179 4184 4393 4420 4726 4814
86 188 325 347 413 584 607 825 874 903 1118 1143 1304 1421 1557 1603 1615 2071 2119 2194 2252 2371 2386 2452 2456 2696 2807 2972 3009 3060 3123 3313 3429 3526 3645 3730 3839 3938 3991 4021 4100 4234 4240 4282 4311 4319 4484 4518 4530 4739 4760 4807 4882 4905 4949
88 218 285 297 320 390 416 437 541 572 576 665 726 800 830 916 967 983 991 1010 1079 1100 1233 1263 1301 1390 1433 1475 1602 1708 1744 1771 1847 1879 1892 1924 1941 2096 2131 2214 2259 2341 2497 2573 2633 2669 2687 2802 2854 2936 2951 2969 2988 3053 3060 3109 3242 3263 3401 3469 3554 3586 3592 3633 3650 3681 3746 3765 3794 3834 3930 3967 4033 4117 4266 4344 4444 4454 4596 4659 4689 4724 4737 4799 4843 4935
90 291 304 371 382 613 1035 1050 1192 1387 1403 1532 1581 1636 1681 1747 1809 1815 1871 1885 1916 1934 2225 2315 2347 2374 2383 2565 2612 2622 2629 2675 2810 2814 2870 3071 3104 3222 3271 3325 3328 3460 3464 3630 3641 3723 3752 3901 3996 4228 4329 4426 4480 4488 4507 4538 4570 4594 4756 4850 4874 4960 4979
91 174 507 1248 1311 1722 2157 2202 2276 2422 2564 2735 2822 3067 3356 3398 3403 4046 4222 4423
94 145 273 277 344 380 387 452 479 608 614 760 786 802 900 909 922 1059 1170 1200 1227 1239 1252 1297 1425 1497 1546 1748 1793 1854 1948 2016 2021 2052 2160 2258 2274 2280 2284 2351 2393 2410 2426 2428 2578 2623 2731 2744 2846 2891 2903 3012 3029 3095 3146 3170 3288 3314 3327 3408 3443 3446 3460 3532 3561 3575 3598 3619 3713 3737 3858 3899 3914 3956 3997 4014 4028 4112 4149 4272 4369 4606 4674 4788 4797 4862 4878 4964 4998
96 113 370 838 1208 1360 1453 1927 2061 2150 2191 2550 2591 2593 2603 2680 2738 3102 3121 3208 3211 3283 3286 3480 3579 3661 3813 4193 4236 4436 4635 4638 4691 4809 4829 4943
101 250 409 445 655 851 857 1077 1121 1553 1855 1965 1979 2258 2417 2480 2636 2908 3083 3159 3268 3414 3756 3870 4239 4434 4464
105 716 1019 1129 1206 1490 1506 1549 1576 1711 1811 1945 2220 2281 2370 2390 2420 2602 2775 2899 2900 3122 3198 3202 3521 3828 3882 3985 4102 4416 4458 4491 4600 4696 4728 4736 4752 4755 4830 4863 4928
107 269 425 686 733 785 998 1186 1205 1460 1464 1632 1658 1709 1895 2128 2232 2355 2464 2556 2592 3008 3014 3069 3511 3637 3804 3829 3852 4070 4082 4134 4198 4347 4495 4603 4713 4793 4817 4833 4869 4917
110 238 328 336 368 372 466 557 569 628 647 652 674 748 1038 1064 1162 1189 1204 1381 1445 1535 1547 1567 1813 1822 1834 1904 2143 2151 2196 2312 2344 2451 2458 2482 2505 2530 2578 2645 2724 2961 3048 3077 3243 3371 3483 3509 3679 3710 3867 3961 4230 4260 4324 4359 4482 4503 4515 4608 4629 4655 4669 4772 4813 4976 4999
111 135 176 244 360 418 420 429 482 501 567 720 752 757 852 855 938 1015 1091 1241 1367 1375 1438 1450 1461 1476 1517 1526 1527 1529 1599 1692 1900 1973 2006 2074 2105 2109 2148 2242 2263 2290 2301 2404 2407 2443 2548 2668 2691 2699 2855 2879 2910 2983 3045 3125 3174 3320 3343 3412 3432 3569 3649 3826 3844 3950 4131 4181 4283 4338 4388 4477 4733 4832 4914 4942 4952 4997
112 131 213 247 317 386 417 424 430 583 677 740 788 858 943 966 981 1006 1229 1290 1373 1380 1431 1512 1575 1736 1737 1773 1846 1858 1865 1982 1986 2046 2107 2144 2251 2279 2360 2364 2365 2436 2484 2507 2560 2715 3080 3140 3212 3215 3239 3250 3411 3506 3507 3634 3811 3830 3846 3873 3898 3927 3938 4007 4029 4065 4250 4295 4387 4572 4631 4680 4748 4786 4848 4888 4895 4936 4945
112 195 279 448 585 694 701 833 846 1112 1181 1183 1221 1382 1459 1466 1560 1660 1671 2123 2230 2248 2345 2356 2402 2563 2669 2677 2859 2875 2888 3094 3193 3369 3406 3440 3764 3884 4070 4150 4162 4234 4245 4249 4357 4576
115 191 324 332 649 913 977 1250 1260 1277 1478 1697 1818 2200 2286 2326 2681 2785 2810 2904 3291 3303 3305 3684 3865 3917 3931 4098 4189 4202 4231 4346 4714 4751 4784
125 383 633 663 707 836 875 1346 1388 1543 1573 1686 1705 1786 1820 1842 1873 2034 2271 2323 2408 2453 2645 2793 2813 2953 3366 3441 3862 3902 4036 4055 4062 4492 4533 4670 4729 4821
132 209 511 527 558 598 626 843 879 1009 1159 1354 1406 1700 1735 1784 1804 1917 2154 2257 2353 2490 2685 2752 2875 2885 2982 3058 3284 3294 3362 3426 3556 3587 3622 3637 3658 3675 3863 4105 4123 4218 4364 4383 4428 4528 4554 4577 4598 4653 4720 4884 4903
133 192 300 329 435 502 688 699 715 831 862 912 936 958 995 1037 1066 1251 1280 1298 1321 1337 1362 1368 1422 1508 1516 1519 1542 1548 1572 1578 1587 1678 1687 1720 1831 2039 2079 2089 2106 2122 2136 2163 2219 2260 2287 2304 2375 2399 2413 2600 2701 2848 2909 2920 2954 2963 2997 3007 3135 3140 3223 3335 3404 3435 3548 3690 3721 3732 3747 3789 3805 3889 3913 3926 3958 3980 3982 4067 4088 4220 4235 4238 4267 4320 4366 4377 4439 4440 4532 4586 4740 4750 4778 4988
134 146 353 521 1240 1254 1769 1931 1989 2072 2496 3178 3547 3625 3701 3786 3864 3877 4008 4135 4341 4560
140 355 544 550 749 898 901 949 1055 1204 1210 1300 1308 1329 1344 1668 1976 2063 2167 2176 2209 2352 2398 2401 2468 2487 2754 2770 2779 2932 2985 3073 3176 3203 3232 3359 3376 3472 3505 3534 3610 3642 3680 3705 3850 3945 3973 4059 4139 4206 4348 4385 4585 4600 4623 4666 4732 4738 4774 4777 4866 4937 4989
141 226 491 801 1023 1268 1498 1810 2098 2217 2294 2618 2965 3265 3378 3385 3490 3605 3760 4500 4785
143 499 525 564 590 600 618 695 939 982 1103 1165 1188 1191 1236 1307 1361 1669 1727 1857 1906 1969 2361 2447 2571 2574 2642 2825 2830 2841 2990 3056 3063 3290 3457 3663 3753 3792 3795 3847 3942 4010 4056 4244 4544 4639 4916 4958 4981 4991
147 148 156 287 339 559 634 722 725 871 1001 1034 1074 1152 1155 1257 1281 1394 1440 1574 1611 1628 1643 1745 1781 1955 1970 2254 2378 2384 2489 2575 2635 2805 2883 2931 2942 3019 3025 3043 3085 3198 3364 3407 3655 4042 4323 4362 4404 4415 4705 4753 4844 4870 4904 4924
149 220 667 1345 1721 1787 1802 1978 2093 2156 2369 2430 2431 2445 2698 2742 2856 2923 2934 3278 3317 3463 3648 3691 3770 3932 4456 4933
150 206 669 811 1003 1284 1437 1509 1612 1644 1903 2033 2189 2210 2385 2405 2426 2446 2539 2993 3047 3076 3088 3158 3270 3281 3294 3371 3527 3651 3755 3995 4154 4473 4704 4768 4769 4825 4888
152 190 435 436 464 490 544 552 568 595 599 657 705 744 780 795 824 929 1014 1060 1080 1088 1127 1319 1407 1605 1639 1653 1684 1733 1758 1784 1812 1845 1854 1859 1910 1920 1968 2064 2065 2091 2103 2183 2319 2348 2381 2439 2488 2649 2706 2995 3062 3428 3583 3584 3601 3653 3781 3790 3796 3797 3810 3817 4071 4087 4121 4187 4351 4388 4449 4479 4516 4700 4719 4771
153 154 231 267 330 406 556 809 837 999 1017 1150 1234 1324 1496 1513 1592 1790 1889 2004 2005 2236 2283 2379 2449 2459 2475 2704 3074 3147 3230 3349 3379 3502 3522 3623 3628 3670 3703 3715 3785 3837 3886 3929 3971 4055 4232 4367 4383 4526 4637 4660 4731 4865 4995
157 308 396 535 549 571 897 1012 1283 1366 1514 1620 1695 1726 2097 2175 2238 2277 2309 2343 2362 2411 2440 2601 2653 2662 2774 2807 2885 2949 3010 3059 3103 3118 3136 3382 3466 3621 3655 3974 4044 4125 4185 4257 4537 4602 4692 4834
159 533 756 764 1181 1607 1646 1778 1841 2203 2608 2748 3436 3489 3559 3919 3964 3986 4143 4442
160 392 419 985 1021 1291 1602 1774 1794 1972 1980 2545 3365 3759 3774 3854 4027 4064 4178 4204 4298 4576
165 394 405 443 493 529 863 1411 2020 2318 2327 2355 2378 2479 2590 2668 2876 3184 3296 3424 3565 3656 3939 4120 4275 4280 4410 4434 4543 4592 4617 4666
171 236 307 358 518 891 936 1052 1469 1528 1664 1682 1872 2765 2912 3237 3423 3605 4127 4368 4376
175 181 217 228 241 290 295 309 458 532 619 631 672 678 682 719 728 1002 1197 1274 1318 1494 1755 1801 1823 1849 1950 2121 2162 2388 2433 2492 2552 2587 2624 2638 2960 3050 3086 3097 3126 3132 3142 3160 3167 3241 3551 3581 3609 3669 3859 3918 4159 4170 4373 4403 4511 4562 4578 4593 4676 4678 4757 4872 4875 4950
176 233 264 773 927 933 1253 1495 1663 2344 2439 2632 2653 2827 2893 2947 2986 3026 3038 3259 3282 3318 3393 3529 3537 3643 4252
183 348 456 845 859 924 1158 1232 1487 1488 1581 1614 1707 1966 2164 2392 2905 3054 3215 3535 3606 3724 3997 4001 4300 4340 4489 4685 4900
189 582 1271 1474 1673 1742 1837 1967 2084 2244 2255 2270 2448 2631 2643 2652 2886 2984 3017 3708 3836 3912 4190 4241 4583 4650
198 243 245 327 460 465 483 536 545 653 782 826 930 978 987 1292 1303 1370 1384 1397 1819 1843 1894 1944 1977 2015 2062 2110 2208 2228 2473 2487 2914 2940 3112 3157 3226 3231 3254 3375 3524 3558 3779 3813 3843 3905 3967 4052 4148 4228 4251 4254 4323 4326 4371 4663 4711 4856 4946 4966
204 318 580 644 681 750 805 1070 1106 1117 1122 1172 1225 1400 1610 1698 2121 2358 2644 2655 2716 3058 3488 3856 4025 4157 4287 4310 4339 4494 4527 4551 4652 4987
205 559 645 1160 1199 1355 1423 1533 1596 1798 1806 2003 2028 2278 2300 2302 2307 2328 2494 2538 2735 2882 2890 2950 3046 3107 3141 3235 3381 3500 3626 3777 3837 4034 4344 4695 4702 4773
211 227 474 481 513 622 648 883 1139 1141 1435 1522 1524 1606 1645 1679 1796 1923 2120 2138 2145 2275 2325 2477 2956 3124 3345 3383 3512 3652 3871 3939 3966 3976 4279 4535 4749 4906
215 257 328 376 475 611 770 1216 1322 1325 1340 1357 1399 1515 1552 1562 1599 1753 1829 1919 1937 2001 2006 2288 2346 2414 2423 2528 2702 2871 2945 2996 3044 3262 3279 3307 3389 3396 3400 3578 3720 3934 3960 3968 4091 4111 4136 4208 4268 4334 4548 4662 4730 4765 4982
252 289 351 368 377 660 730 738 742 957 1033 1153 1211 1272 1416 1604 1616 1626 1689 1699 1741 2065 2087 2206 2227 2250 2795 2801 2872 3227 3310 3540 3580 3604 3640 3702 3736 3849 3878 3892 3959 4089 4209 4355 4375 4464 4654 4814 4818 4956
259 288 364 531 589 734 789 820 861 873 954 996 1069 1098 1126 1180 1207 1463 1568 1586 1598 1762 1840 1882 1886 1964 2040 2158 2185 2215 2223 2262 2317 2388 2533 2616 2667 2733 2894 2898 2917 2989 3021 3096 3117 3128 3135 3149 3188 3191 3235 3323 3390 3479 3528 3627 3659 3662 3698 3732 3907 3988 4037 4106 4409 4443 4490 4514 4549 4597 4792 4802 4839 4841 4877 4908 4912 4977 4978
263 369 398 984 1024 1031 1042 1163 1164 1288 1336 1347 1792 2186 2321 2626 2833 2944 3139 3674 3957 4325 4412 4609 4935
265 385 630 769 869 892 1148 1564 1766 1913 2534 2927 2975 3733 3816 3906 4137 4353 4732 4983
292 886 963 1057 1226 1331 1497 1502 1655 1756 1912 2658 2974 3072 3148 3245 3517 3564 3809 4061 4103
305 615 832 928 933 1202 1312 1449 1887 2043 2232 2339 2527 2761 2782 2902 2999 3120 3302 3574 3855 4175 4247 4301 4345 4498 4708 4725
314 401 411 421 573 720 723 829 905 1094 1185 1200 1285 1328 1383 1617 1635 1650 1757 1776 1928 1932 2241 2464 2491 2509 2572 2586 2670 2776 2791 2792 2880 3150 3348 3471 3654 3668 3678 3754 3790 3890 3894 4078 4290 4430 4722 4885
316 423 441 509 581 640 659 729 971 1082 1144 1213 1259 1284 1412 1472 1511 1781 1870 2177 2212 2342 2666 2849 3100 3106 3201 3543 3928 3978 4129 4196 4214 4322 4402 4556 4820 4892
389 486 772 1569 1699 1712 1959 1975 2415 2437 2760 2817 2865 3332 3470 3672 3682 3799 4264 4379
408 937 1243 1401 1647 1918 2042 2615 2620 2741 3152 3186 3312 3324 3825 3831 4016 4169 4210 4663
412 457 602 854 944 1048 1097 1273 1458 1609 1860 2017 2316 2329 2627 2922 2935 3018 3120 3632 4066 4398 4429 4435 4546 4593 4947 4956
515 548 709 711 1177 1219 1536 1640 2024 2037 2226 2576 2660 2925 3352 3361 3434 3546 3739 3848 3943 3999 4172
724 1128 1136 1154 1558 1662 1732 1875 1897 2036 2066 2268 2474 2720 3101 3394 3501 3570 3808 3975 4083 4128 4141 4297 4337 4361 4394 4397 4688 4920 4943